Temperature Entropy
1 4.003472876795659e-55 4.003472876795659e-55 0.1050464735588981 0.1050464735588981
2 4.43813953190965e-30 8.8762790638193e-30 0.1050464735588981 0.1050464735588981
3 9.16245243154938e-22 2.748735729464815e-21 0.1050464735588981 0.1050464735588981
4 1.3351069286199177e-17 5.3404277144796706e-17 0.10504647355889815 0.1050464735588981
5 4.1080416490474505e-15 2.054020824523725e-14 0.10504647355891782 0.10504647355889726
6 1.858786317430166e-13 1.1152717904580996e-12 0.10504647355996015 0.1050464735588449
7 2.811376160715145e-12 1.9679633125006014e-11 0.10504647357749587 0.10504647355781624
8 2.144328195114844e-11 1.715462556091875e-10 0.10504647371979434 0.10504647354824809
9 1.0368950573853581e-10 9.332055516468223e-10 0.10504647442768425 0.10504647349447871
10 3.647204895237936e-10 3.647204895237935e-09 0.10504647692959959 0.10504647328239472
11 1.0185653775935184e-09 1.1204219153528703e-08 0.10504648383962453 0.10504647263540538
12 2.394239668974241e-09 2.873087602769089e-08 0.10504649973678933 0.10504647100591331
13 4.932107110723342e-09 6.411739243940347e-08 0.10504653157795037 0.10504646746055793
14 9.164196927348307e-09 1.282987569828763e-07 0.10504658887642163 0.10504646057766465
15 1.5685998942018443e-08 2.3528998413027659e-07 0.10504668365928248 0.10504644836929834
16 2.5126920066711728e-08 4.0203072106738764e-07 0.10504683026342769 0.10504642823270662
17 3.8124254470617983e-08 6.481123260005057e-07 0.10504704504216769 0.10504639692984169
18 5.530296507729021e-08 9.954533713912237e-07 0.10504734604347678 0.10504635059010538
19 7.726165016210184e-08 1.467971353079935e-06 0.10504775270154579 0.10504628473019272
20 1.0456395039209634e-07 2.091279007841927e-06 0.10504828556416708 0.10504619428515924
21 1.3773418807162715e-07 2.8924179495041708e-06 0.10504896606380759 0.1050460736458581
22 1.7725598737470637e-07 3.899631722243541e-06 0.10504981633087038 0.10504591669914813
23 2.2357279837708713e-07 5.142174362673004e-06 0.1050508590428129 0.10504571686845024
24 2.77089499181955e-07 6.6501479803669195e-06 0.10505211730116312 0.10504546715318276
25 3.3817449921694333e-07 8.454362480423584e-06 0.10505361452878566 0.10504516016630525
26 4.071619755476949e-07 1.0586211364240068e-05 0.10505537438103367 0.10504478816966945
27 4.843540317774355e-07 1.3077558857990758e-05 0.1050574206660181 0.10504434310716008
28 5.700226786113502e-07 1.5960635001117806e-05 0.10505977727076239 0.10504381663576125
29 6.644116051346585e-07 1.9267936548905096e-05 0.1050624680912949 0.10504320015474598
30 7.677377502649276e-07 2.303213250794783e-05 0.1050655169657046 0.10504248483319663
31 8.801927037521996e-07 2.728597381631819e-05 0.10506894760985822 0.10504166163604188
32 1.001943972807248e-06 3.2062207129831935e-05 0.1050727835558926 0.10504072134876276
33 1.1331361493546008e-06 3.7393492928701816e-05 0.10507704809381345 0.10503965460088477
34 1.2738920077988875e-06 4.3312328265162185e-05 0.10508176421660455 0.10503845188833939
35 1.4243135565182214e-06 4.985097447813774e-05 0.10508695456923117 0.10503710359475305
36 1.5844830595457926e-06 5.704139014364854e-05 0.10509264140184367 0.10503560001170004
37 1.7544640388830595e-06 6.491516943867321e-05 0.10509884652738326 0.10503393135794457
38 1.93430226296923e-06 7.350348599283074e-05 0.10510559128368045 0.10503208779768762
39 2.124026723097485e-06 8.283704220080191e-05 0.10511289650003176 0.10503005945783096
40 2.3236505969437347e-06 9.294602387774939e-05 0.10512078246814945 0.1050278364442717
41 2.533172196703247e-06 0.00010386006006483315 0.10512926891730512 0.10502540885724027
42 2.7525758984294624e-06 0.00011560818773403744 0.1051383749934336 0.10502276680569957
43 2.9818330488541167e-06 0.00012821882110072703 0.1051481192419263 0.10501990042082558
44 3.220902846072368e-06 0.00014171972522718416 0.10515851959382132 0.10501679986859411
45 3.4697331908605185e-06 0.00015613799358872335 0.10516959335508994 0.1050134553615012
46 3.7282615059443638e-06 0.00017150002927344074 0.10518135719872142 0.10500985716944798
47 3.996415521165842e-06 0.00018783152949479462 0.10519382715931808 0.10500599562982327
48 4.274114023141253e-06 0.00020515747311078015 0.10520701862992944 0.10500186115681866
49 4.561267568621394e-06 0.00022350211086244828 0.10522094636087441 0.10499744425001195
50 4.857779161324259e-06 0.00024288895806621298 0.10523562446032182 0.10499273550225559
51 5.163544892498001e-06 0.00026334078951739806 0.10525106639642384 0.10498772560690643
52 5.478454545878786e-06 0.0002848796363856969 0.10526728500081853 0.10498240536443282
53 5.802392168034437e-06 0.0003075267849058252 0.10528429247333985 0.10497676568843403
54 6.1352366053341035e-06 0.00033130277668804163 0.10530210038779429 0.10497079761110624
55 6.476862008963571e-06 0.0003562274104929964 0.10532071969868072 0.10496449228818773
56 6.827138309523636e-06 0.00038231974533332354 0.10534016074874743 0.10495784100341408
57 7.1859316628138555e-06 0.0004095981047803898 0.10536043327729422 0.10495083517251386
58 7.55310486842531e-06 0.00043808008236866807 0.10538154642914015 0.10494346634677146
59 7.928517762752171e-06 0.000467782548002378 0.10540350876418766 0.10493572621618527
60 8.312027587990478e-06 0.000498721655279429 0.10542632826752349 0.10492760661224404
61 8.703489338631128e-06 0.0005309128496564988 0.10545001236000268 0.10491909951034617
62 9.10275608687765e-06 0.0005643708773864141 0.1054745679092694 0.10491019703188297
63 9.50967928833439e-06 0.0005991097951650666 0.10550000124117166 0.1049008914460066
64 9.924109069220078e-06 0.000635142980430085 0.10552631815153152 0.10489117517110141
65 1.0345894496269479e-05 0.0006724831422575162 0.10555352391823467 0.10488104077597717
66 1.0774883830394905e-05 0.0007111423328060636 0.1055816233136063 0.10487048098080025
67 1.1210924765090752e-05 0.0007511319592610803 0.10561062061704016 0.10485948865777907
68 1.1653864650480516e-05 0.000792462796232675 0.10564051962785102 0.10484805683161837
69 1.2103550703827147e-05 0.0008351449985640731 0.10567132367832024 0.10483617867975618
70 1.2559830207255293e-05 0.0008791881145078702 0.10570303564690468 0.10482384753239682
71 1.302255069336745e-05 0.0009246010992290891 0.10573565797158127 0.10481105687235219
72 1.3491560119376965e-05 0.0009713923285951416 0.10576919266329846 0.10479780033470334
73 1.3966707030326507e-05 0.001019569613213835 0.1058036413195072 0.10478407170629336
74 1.4447840711914123e-05 0.001069140212681645 0.10583900513774393 0.1047698649250623
75 1.4934811333406435e-05 0.0011201108500054828 0.10587528492923969 0.1047551740792342
76 1.542747008108274e-05 0.001172487726162288 0.1059124811325284 0.10473999340636611
77 1.592566928262153e-05 0.001226276534761858 0.10595059382702993 0.10472431729226807
78 1.642926252281404e-05 0.001281482476779495 0.10598962274658265 0.10470814026980314
79 1.693810475096569e-05 0.0013381102753262895 0.10602956729290233 0.10469145701757607
80 1.745205238032627e-05 0.0013961641904261018 0.1060704265489442 0.10467426235851812
81 1.797096337987268e-05 0.0014556480337696873 0.1061121992921466 0.1046565512583769
82 1.8494697358753042e-05 0.0015165651834177496 0.10615488400753544 0.1046383188241177
83 1.9023115643689212e-05 0.0015789185984262045 0.10619847890067016 0.10461956030224392
84 1.955608134962328e-05 0.0016427108333683554 0.10624298191041225 0.1046002710770439
85 2.0093459443885046e-05 0.001707944052730229 0.10628839072150002 0.10458044666876981
86 2.063511680414933e-05 0.0017746200451568424 0.10633470277691277 0.10456008273175596
87 2.1180922270444727e-05 0.0018427402375286912 0.10638191529001052 0.10453917505248181
88 2.1730746691469544e-05 0.0019123057088493202 0.10643002525643558 0.10451771954758625
89 2.2284462965464663e-05 0.0019833172039263555 0.1064790294657641 0.10449571226183774
90 2.2841946075887855e-05 0.002055775146829907 0.1065289245128966 0.10447314936606669
91 2.340307312212914e-05 0.0021296796541137512 0.10657970680917825 0.10445002715506448
92 2.3967723345501745e-05 0.0022050305477861604 0.10663137259324026 0.10442634204545412
93 2.4535778150738518e-05 0.002281827368018682 0.10668391794155578 0.10440209057353712
94 2.5107121123219102e-05 0.002360069385582595 0.10673733877870385 0.10437726939312127
95 2.5681638042147877e-05 0.0024397556140040477 0.10679163088733705 0.10435187527333299
96 2.62592168898982e-05 0.002520884821430228 0.10684678991784881 0.10432590509641855
97 2.6839747857733604e-05 0.002603455542200159 0.10690281139773791 0.10429935585553776
98 2.7423123348110685e-05 0.002687466088114847 0.10695969074066834 0.1042722246525535
99 2.8009237973764283e-05 0.0027729145594026644 0.10701742325522362 0.10424450869582096
100 2.8597988553769328e-05 0.0028597988553769327 0.10707600415335587 0.10421620529797897
101 2.9189274106768575e-05 0.0029481166847836263 0.10713542855853037 0.10418731187374677
102 2.978299584154968e-05 0.003037865575838067 0.1071956915135671 0.104157825937729
103 3.0379057145149634e-05 0.003129042885950412 0.10725678798818183 0.10412774510223143
104 3.097736356865824e-05 0.003221645811140457 0.10731871288622975 0.1040970670750893
105 3.157782281088687e-05 0.0033156713951431206 0.10738146105265466 0.10406578965751154
106 3.218034470006267e-05 0.003411116538206644 0.10744502728014863 0.10403391074194197
107 3.2784841173702236e-05 0.0035079780055861398 0.10750940631552593 0.10400142830993978
108 3.339122625681283e-05 0.0036062524357357868 0.10757459286581679 0.10396834043008102
109 3.399941603856355e-05 0.003705936348203427 0.10764058160408603 0.10393464525588261
110 3.460932864756221e-05 0.003807026151231843 0.10770736717498236 0.10390034102375051
111 3.522088422586837e-05 0.003909518149071389 0.10777494420002451 0.10386542605095311
112 3.583400490186686e-05 0.004013408549009088 0.10784330728263036 0.1038298987336213
113 3.644861476211993e-05 0.004118693468119552 0.10791245101289562 0.10379375754477607
114 3.7064639822311184e-05 0.004225368939743475 0.10798236997212832 0.10375700103238487
115 3.768200799738813e-05 0.004333430919699635 0.10805305873714689 0.10371962781744726
116 3.830064907100488e-05 0.004442875292236566 0.10812451188434753 0.10368163659211098
117 3.892049466436147e-05 0.004553697875730291 0.10819672399354902 0.10364302611781874
118 3.9541478204530126e-05 0.004665894428134555 0.10826968965162091 0.10360379522348637
119 4.01635348923548e-05 0.004779460652190222 0.10834340345590336 0.10356394280371313
120 4.078660167000427e-05 0.004894392200400512 0.10841786001742454 0.10352346781702405
121 4.1410617188254725e-05 0.0050106846797788205 0.1084930539639237 0.10348236928414488
122 4.203552177357331e-05 0.005128333656375943 0.10856897994268602 0.10344064628631008
123 4.2661257395068953e-05 0.005247334659593482 0.10864563262319703 0.10339829796360354
124 4.328776763137282e-05 0.005367683186290232 0.10872300669962276 0.10335532351333253
125 4.391499763750653e-05 0.0054893747046883155 0.108801096893123 0.1033117221884347
126 4.4542894111792113e-05 0.005612404658085807 0.10887989795400405 0.10326749329591825
127 4.517140526285383e-05 0.005736768468382436 0.1089594046637177 0.10322263619533525
128 4.580048077675816e-05 0.005862461539425045 0.10903961183671268 0.10317715029728763
129 4.643007178433505e-05 0.00598947926017922 0.10912051432214544 0.1031310350619662
130 4.7060130828719596e-05 0.006117817007733547 0.10920210700545559 0.10308428999772204
131 4.7690611833150474e-05 0.006247470150142712 0.1092843848098131 0.10303691465967038
132 4.83214700690585e-05 0.0063784340491157224 0.10936734269744225 0.10298890864832654
133 4.895266212447496e-05 0.006510704062555169 0.10945097567082854 0.10294027160827339
134 4.958414587278775e-05 0.0066442755469535595 0.10953527877381412 0.10289100322686057
135 5.021588044186977e-05 0.0067791438596524175 0.10962024709258691 0.10284110323293448
136 5.08478261836018e-05 0.006915304360969845 0.10970587575656904 0.1027905713955992
137 5.1479944643810074e-05 0.00705275241620198 0.10979215993920936 0.1027394075230074
138 5.2112198532636076e-05 0.007191483397503778 0.10987909485868509 0.1026876114611813
139 5.274455169535426e-05 0.007331492685654241 0.10996667577851736 0.10263518309286311
140 5.3376969083651154e-05 0.007472775671711162 0.11005489800810524 0.10258212233639408
141 5.4009416727378155e-05 0.00761532775856032 0.11014375690318268 0.10252842914462233
142 5.464186170678742e-05 0.0077591443623638125 0.1102332478662026 0.10247410350383879
143 5.527427212525985e-05 0.00790422091391216 0.1103233663466523 0.10241914543274015
144 5.590661708253181e-05 0.008050552859884581 0.11041410784130402 0.10236355498141946
145 5.6538866648426214e-05 0.008198135664021802 0.1105054678944045 0.1023073322303827
146 5.717099183709224e-05 0.008346964808215469 0.11059744209780732 0.10225047728959188
147 5.780296458175637e-05 0.008497035793518185 0.1106900260910513 0.10219299029753313
148 5.8434757709986995e-05 0.008648344141078075 0.11078321556138825 0.10213487142031018
149 5.9066344919473205e-05 0.008800885393001508 0.11087700624376362 0.10207612085076212
150 5.9697700754317394e-05 0.00895465511314761 0.11097139392075286 0.10201673880760526
151 6.0328800581840854e-05 0.009109648887857971 0.11106637442245614 0.10195672553459816
152 6.095962056990051e-05 0.00926586232662488 0.1111619436263549 0.10189608129973005
153 6.159013766471379e-05 0.00942329106270121 0.1112580974571324 0.1018348063944312
154 6.222032956918868e-05 0.009581930753655061 0.11135483188646063 0.10177290113280556
155 6.285017472175477e-05 0.009741777081871992 0.11145214293275671 0.10171036585088473
156 6.34796522756908e-05 0.009902825755007762 0.11155002666091042 0.10164720090590264
157 6.410874207894346e-05 0.010065072506394122 0.1116484791819852 0.10158340667559108
158 6.473742465443244e-05 0.010228513095400325 0.11174749665289498 0.10151898355749464
159 6.536568118083514e-05 0.010393143307752787 0.11184707527605843 0.10145393196830564
160 6.599349347384496e-05 0.010558958955815193 0.11194721129903282 0.10138825234321763
161 6.662084396789684e-05 0.010725955878831394 0.11204790101412901 0.1013219451352976
162 6.724771569835245e-05 0.010894129943133098 0.1121491407580093 0.1012550108148762
163 6.787409228413832e-05 0.011063477042314546 0.11225092691126995 0.10118744986895542
164 6.849995791082942e-05 0.011233993097376023 0.11235325589800975 0.10111926280063371
165 6.912529731417043e-05 0.011405674056838122 0.11245612418538561 0.10105045012854748
166 6.975009576402684e-05 0.011578515896828456 0.11255952828315743 0.10098101238632898
167 7.037433904875831e-05 0.01175251462114264 0.11266346474322271 0.10091095012208005
168 7.099801346000594e-05 0.011927666261280997 0.11276793015914237 0.10084026389786137
169 7.162110577788547e-05 0.012103966876462646 0.11287292116565908 0.10076895428919645
170 7.224360325657857e-05 0.012281412553618355 0.1129784344382088 0.10069702188459045
171 7.286549361031315e-05 0.01245999940736355 0.11308446669242679 0.10062446728506323
172 7.348676499972564e-05 0.01263972357995281 0.11319101468364888 0.1005512911036961
173 7.410740601859613e-05 0.012820581241217129 0.11329807520640908 0.10047749396519198
174 7.47274056809484e-05 0.013002568588485025 0.11340564509393394 0.10040307650544893
175 7.534675340850708e-05 0.01318568184648874 0.1135137212176348 0.10032803937114607
176 7.596543901850301e-05 0.013369917267256528 0.11362230048659855 0.100252383219342
177 7.658345271181942e-05 0.013555271129992035 0.11373137984707743 0.1001761087170854
178 7.72007850614707e-05 0.013741739740941785 0.11384095628197873 0.10009921654103697
179 7.781742700140557e-05 0.013929319433251597 0.11395102681035452 0.1000217073771029
180 7.84333698156271e-05 0.01411800656681288 0.11406158848689271 0.09994358192007981
181 7.904860512762163e-05 0.014307797528099514 0.11417263840140893 0.09986484087330941
182 7.966312489008895e-05 0.014498688729996193 0.11428417367834082 0.09978548494834463
183 8.027692137496636e-05 0.014690676611618842 0.11439619147624404 0.09970551486462519
184 8.088998716373859e-05 0.0148837576381279 0.1145086889872913 0.09962493134916338
185 8.150231513802698e-05 0.015077928300534992 0.11462166343677412 0.09954373513623913
186 8.21138984704503e-05 0.015273185115503757 0.11473511208260818 0.09946192696710443
187 8.27247306157498e-05 0.015469524625145215 0.11484903221484218 0.09937950758969698
188 8.333480530217222e-05 0.015666943396808374 0.11496342115517054 0.09929647775836217
189 8.394411652310317e-05 0.015865438022866503 0.11507827625645047 0.09921283823358398
190 8.455265852894506e-05 0.016065005120499562 0.11519359490222332 0.09912858978172377
191 8.51604258192315e-05 0.016265641331473218 0.1153093745062405 0.09904373317476729
192 8.576741313497376e-05 0.016467343321914962 0.11542561251199437 0.0989582691900794
193 8.63736154512311e-05 0.016670107782087603 0.11554230639225398 0.09887219861016636
194 8.697902796989976e-05 0.016873931426160556 0.1156594536486058 0.09878552222244526
195 8.758364611271437e-05 0.017078810991979308 0.11577705181100019 0.09869824081902087
196 8.818746551445572e-05 0.017284743240833324 0.11589509843730247 0.09861035519646914
197 8.879048201635943e-05 0.017491724957222805 0.11601359111285028 0.09852186615562747
198 8.939269165971935e-05 0.01769975294862443 0.11613252745001583 0.09843277450139144
199 8.99940906796808e-05 0.01790882404525648 0.11625190508777439 0.09834308104251792
200 9.059467549921759e-05 0.018118935099843518 0.11637172169127773 0.09825278659143423
201 9.11944427232882e-05 0.01833008298738093 0.11649197495143418 0.09816189196405326
202 9.179338913316553e-05 0.018542264604899435 0.11661266258449372 0.09807039797959428
203 9.239151168093547e-05 0.0187554768712299 0.11673378233163936 0.09797830546040946
204 9.298880748415936e-05 0.01896971672676851 0.1168553319585842 0.09788561523181571
205 9.358527382069555e-05 0.019184981133242587 0.11697730925517438 0.09779232812193177
206 9.418090812367543e-05 0.019401267073477148 0.11709971203499767 0.09769844496152051
207 9.477570797662958e-05 0.019618571551162325 0.11722253813499836 0.09760396658383604
208 9.536967110875922e-05 0.019836891590621915 0.11734578541509769 0.09750889382447575
209 9.596279539034965e-05 0.020056224236583077 0.11746945175781995 0.09741322752123689
210 9.655507882832015e-05 0.02027656655394723 0.11759353506792497 0.09731696851397773
211 9.714651956190756e-05 0.02049791562756249 0.11771803327204562 0.09722011764448314
212 9.773711585847878e-05 0.020720268561997504 0.11784294431833181 0.09712267575633429
213 9.832686610946909e-05 0.020943622481316915 0.11796826617609964 0.09702464369478271
214 9.891576882644146e-05 0.021167974528858473 0.11809399683548645 0.09692602230662797
215 9.950382263726477e-05 0.021393321867011927 0.11822013430711173 0.09682681244009979
216 0.00010009102628240605 0.021619661676999708 0.11834667662174292 0.09672701494474324
217 0.00010067737861133403 0.02184699115865948 0.1184736218299677 0.09662663067130822
218 0.00010126287857903067 0.022075307530228683 0.1186009680018708 0.0965256604716421
219 0.00010184752524260713 0.022304608028130963 0.11872871322671692 0.09642410519858596
220 0.00010243131775802136 0.022534889906764697 0.11885685561263873 0.09632196570587402
221 0.00010301425537689418 0.022766150438293616 0.11898539328633008 0.09621924284803646
222 0.00010359633744342095 0.02299838691243945 0.11911432439274479 0.09611593748030534
223 0.00010417756339137556 0.023231596636276743 0.11924364709480019 0.09601205045852344
224 0.00010475793274120483 0.023465776934029882 0.1193733595730861 0.09590758263905623
225 0.00010533744509720972 0.023700925146872182 0.11950346002557873 0.09580253487870655
226 0.00010591610014481119 0.02393703863272733 0.11963394666735948 0.09569690803463214
227 0.00010649389764789824 0.024174114766072903 0.1197648177303388 0.09559070296426593
228 0.0001070708374462554 0.024412150937746232 0.11989607146298496 0.09548392052523876
229 0.00010764691945306736 0.02465114455475242 0.12002770613005716 0.09537656157530473
230 0.00010822214365249865 0.02489109304007469 0.12015972001234387 0.09526862697226916
231 0.00010879651009734568 0.025131993832486856 0.1202921114064055 0.09516011757391866
232 0.00010937001890675948 0.025373844386368197 0.12042487862432187 0.09505103423795366
233 0.00010994267026403648 0.0256166421715205 0.1205580199934437 0.0949413778219232
234 0.00011051446441447582 0.025860384672987347 0.12069153385614921 0.09483114918316188
235 0.00011108540166330078 0.02610506939087568 0.12082541856960445 0.09472034917872878
236 0.00011165548237364243 0.026350693840179615 0.12095967250552835 0.09460897866534873
237 0.00011222470696458406 0.026597255550606422 0.12109429404996165 0.09449703849935522
238 0.00011279307590926398 0.02684475206640483 0.12122928160304039 0.09438452953663554
239 0.00011336058973303535 0.027093180946195453 0.12136463357877302 0.09427145263257757
240 0.00011392724901168118 0.027342539762803486 0.12150034840482188 0.0941578086420184
241 0.00011449305436968272 0.027592826103093538 0.12163642452228848 0.09404359841919493
242 0.00011505800647854003 0.027844037567806686 0.1217728603855026 0.09392882281769592
243 0.00011562210605514259 0.02809617177139965 0.1219096544618154 0.09381348269041577
244 0.00011618535386018913 0.028349226341886146 0.12204680523139609 0.09369757888950994
245 0.00011674775069665452 0.028603198920680358 0.12218431118703241 0.093581112266352
246 0.00011730929740830284 0.0288580871624425 0.12232217083393454 0.093464083671492
247 0.00011786999487824502 0.029113888734926523 0.12246038268954293 0.09334649395461642
248 0.00011842984402753967 0.029370601318829837 0.12259894528333931 0.09322834396450949
249 0.00011898884581383582 0.029628222607645114 0.12273785715666116 0.09310963454901607
250 0.00011954700123005673 0.02988675030751418 0.12287711686251974 0.09299036655500555
251 0.00012010431130312283 0.030146182137083827 0.12301672296542118 0.09287054082833737
252 0.00012066077709271327 0.030406515827363742 0.12315667404119121 0.09275015821382748
253 0.00012121639969006425 0.030667749121586253 0.1232969686768026 0.09262921955521634
254 0.00012177118021680406 0.03092987977506823 0.12343760547020612 0.09250772569513788
255 0.00012232511982382245 0.031192905555074726 0.12357858303016435 0.09238567747508965
256 0.00012287821969017473 0.03145682424068473 0.12371989997608882 0.0922630757354041
257 0.00012343048102201787 0.0317216336226586 0.12386155493787966 0.09213992131522107
258 0.00012398190505157964 0.031987331503307556 0.12400354655576865 0.09201621505246109
259 0.00012453249303615808 0.03225391569636494 0.12414587348016479 0.09189195778379985
260 0.000125082246257151 0.03252138402685926 0.12428853437150282 0.09176715034464357
261 0.00012563116601911563 0.03278973433098918 0.12443152790009464 0.09164179356910547
262 0.00012617925364885545 0.03305896445600013 0.1245748527459831 0.09151588828998296
263 0.0001267265104945354 0.0333290722600628 0.12471850759879881 0.09138943533873599
264 0.00012727293792482336 0.033600055612153366 0.12486249115761928 0.09126243554546593
265 0.0001278185373280579 0.03387191239193534 0.12500680213083093 0.09113488973889557
266 0.00012836331011144083 0.03414464048964326 0.1251514392359932 0.09100679874634995
267 0.00012890725770025444 0.034418237805967936 0.12529640119970567 0.09087816339373775
268 0.00012945038153710245 0.03469270225194345 0.12544168675747708 0.0907489845055336
269 0.0001299926830811738 0.03496803174883575 0.12558729465359708 0.09061926290476133
270 0.00013053416380752887 0.03524422422803279 0.12573322364101014 0.09048899941297736
271 0.0001310748252064075 0.035521277630936425 0.125879472481192 0.09035819485025556
272 0.0001316146687825578 0.03579918990885571 0.12602603994402797 0.09022685003517225
273 0.0001321536960545856 0.03607795902290187 0.12617292480769382 0.09009496578479197
274 0.00013269190855432376 0.03635758294388471 0.12632012585853872 0.089962542914654
275 0.00013322930782622063 0.036638059652210675 0.12646764189097007 0.0898295822387594
276 0.0001337658954267471 0.03691938713778219 0.126615471707341 0.08969608456955881
277 0.00013430167292382205 0.03720156339989871 0.1267636141178392 0.08956205071794052
278 0.00013483664189625533 0.03748458644715898 0.1269120679403785 0.0894274814932195
279 0.00013537080393320768 0.03776845429736494 0.12706083200049156 0.08929237770312662
280 0.00013590416063366753 0.03805316497742691 0.1272099051312256 0.08915674015379868
281 0.0001364367136059438 0.038338716523270214 0.12735928617303896 0.08902056964976876
282 0.00013696846446717423 0.03862510697974315 0.12750897397370037 0.08888386699395721
283 0.00013749941484284917 0.03891233440052632 0.12765896738818935 0.08874663298766303
284 0.00013802956636634983 0.039200396848043356 0.12780926527859904 0.08860886843055567
285 0.00013855892067850134 0.03948929239337288 0.1279598665140404 0.08847057412066753
286 0.00013908747942713905 0.03977901911616177 0.12811076997054835 0.08833175085438659
287 0.00013961524426668904 0.04006957510453976 0.12826197453098945 0.08819239942644969
288 0.00014014221685776124 0.04036095845503525 0.12841347908497133 0.08805252062993608
289 0.00014066839886675559 0.04065316727249236 0.12856528252875393 0.08791211525626158
290 0.0001411937919654803 0.04094619966998928 0.128717383765162 0.08777118409517273
291 0.00014171839783078268 0.041240053768757765 0.12886978170349958 0.08762972793474182
292 0.00014224221814419086 0.04153472769810373 0.12902247525946556 0.08748774756136184
293 0.0001427652545915675 0.041830219595329274 0.1291754633550714 0.08734524375974215
294 0.0001432875088627741 0.04212652760565558 0.12932874491855972 0.08720221731290416
295 0.0001438089826513463 0.04242364988214716 0.12948231888432468 0.08705866900217751
296 0.00014432967765417936 0.042721584585637094 0.12963618419283382 0.0869145996071967
297 0.00014484959557122375 0.04302032988465345 0.1297903397905512 0.08677000990589777
298 0.0001453687381051906 0.0433198839553468 0.12994478462986211 0.08662490067451532
299 0.0001458871069612665 0.04362024498141869 0.13009951766899874 0.08647927268758006
300 0.00014640470384683793 0.043921411154051376 0.1302545378719677 0.08633312671791633
301 0.000146921530471224 0.04422338067183841 0.13040984420847856 0.08618646353664013
302 0.0001474375885454185 0.044526151740716384 0.13056543565387366 0.08603928391315728
303 0.0001479528797818403 0.04482972257389761 0.13072131118905952 0.0858915886151619
304 0.00014846740589409159 0.045134091391803834 0.13087746980043885 0.08574337840863501
305 0.00014898116859672438 0.04543925642200094 0.13103391047984453 0.0855946540578436
306 0.00014949416960501497 0.04574521589913458 0.13119063222447427 0.08544541632533968
307 0.00015000641063474534 0.04605196806486681 0.1313476340368266 0.08529566597195973
308 0.00015051789340199257 0.04635951116781371 0.13150491492463806 0.08514540375682435
309 0.00015102861962292466 0.04666784346348371 0.13166247390082159 0.08499463043733786
310 0.0001515385910136037 0.04697696321421715 0.13182030998340571 0.08484334676918857
311 0.00015204780928979565 0.04728686868912645 0.13197842219547526 0.08469155350634881
312 0.00015255627616678655 0.04759755816403741 0.13213680956511278 0.08453925140107539
313 0.00015306399335920486 0.04790902992143112 0.1322954711253412 0.0843864412039101
314 0.00015357096258085043 0.04822128225038703 0.1324544059140676 0.08423312366368055
315 0.0001540771855445287 0.04853431344652655 0.13261361297402757 0.08407929952750104
316 0.00015458266396189168 0.04884812181195778 0.13277309135273138 0.08392496954077358
317 0.00015508739954328335 0.04916270565522082 0.13293284010241005 0.08377013444718924
318 0.00015559139399759145 0.049478063291234074 0.13309285827996345 0.08361479498872935
319 0.000156094649032104 0.04979419304124118 0.13325314494690846 0.0834589519056673
320 0.00015659716635237143 0.05011109323275885 0.13341369916932874 0.08330260593656987
321 0.00015709894766207318 0.050428762199525495 0.1335745200178249 0.08314575781829939
322 0.0001575999946628896 0.05074719828145046 0.1337356065674658 0.08298840828601535
323 0.0001581003090543782 0.05106639982456416 0.13389695789774084 0.08283055807317669
324 0.00015859989253385465 0.05138636518096889 0.13405857309251282 0.0826722079115439
325 0.00015909874679627804 0.05170709270879038 0.13422045123997167 0.0825133585311813
326 0.00015959687353414099 0.052028580772129955 0.13438259143258946 0.0823540106604595
327 0.00016009427443736292 0.05235082774101767 0.13454499276707554 0.08219416502605785
328 0.00016059095119318846 0.052673831991365806 0.13470765434433302 0.08203382235296722
329 0.000161086905486089 0.052997591904923286 0.13487057526941573 0.08187298336449245
330 0.00016158213899766848 0.05332210586923059 0.13503375465148604 0.08171164878225542
331 0.00016207665340657262 0.05364737227757554 0.1351971916037735 0.08154981932619795
332 0.0001625704503884021 0.053973389528949485 0.13536088524353407 0.08138749571458462
333 0.00016306353161562887 0.05430015602800441 0.1355248346920104 0.081224678664006
334 0.00016355589875751585 0.05462767018501028 0.13568903907439206 0.08106136888938179
335 0.00016404755348004046 0.05495593041581355 0.13585349751977757 0.08089756710396405
336 0.00016453849744582036 0.055284935141795645 0.13601820916113622 0.08073327401934055
337 0.00016502873231404342 0.05561468278983263 0.13618317313527084 0.0805684903454382
338 0.0001655182597403997 0.05594517179225511 0.1363483885827815 0.08040321679052641
339 0.00016600708137701705 0.056276400586808766 0.1365138546480294 0.08023745406122061
340 0.00016649519887239892 0.05660836761661561 0.1366795704791017 0.08007120286248606
341 0.0001669826138713656 0.056941071330135665 0.13684553522777693 0.07990446389764126
342 0.0001674693280149974 0.057274510181129105 0.13701174804949084 0.07973723786836175
343 0.00016795534294058114 0.05760868262861933 0.13717820810330322 0.07956952547468389
344 0.00016844066028155839 0.05794358713685609 0.1373449145518648 0.07940132741500872
345 0.00016892528166747664 0.05827922217527945 0.1375118665613852 0.07923264438610576
346 0.0001694092087239428 0.058615586218484214 0.13767906330160112 0.07906347708311688
347 0.00016989244307257865 0.058952677746184796 0.1378465039457452 0.07889382619956042
348 0.00017037498633097872 0.05929049524318059 0.13801418767051568 0.07872369242733508
349 0.00017085684011267045 0.05962903719932199 0.138182113656046 0.07855307645672399
350 0.00017133800602707613 0.05996830210947665 0.13835028108587544 0.07838197897639881
351 0.00017181848567947706 0.06030828847349645 0.13851868914692025 0.0782104006734238
352 0.0001722982806709795 0.06064899479618478 0.13868733702944488 0.0780383422332601
353 0.00017277739259848252 0.06099041958726433 0.13885622392703414 0.07786580433976979
354 0.00017325582305464802 0.0613325613613454 0.13902534903656563 0.0776927876752202
355 0.00017373357362787198 0.06167541863789456 0.1391947115581827 0.0775192929202881
356 0.0001742106459022579 0.062018989941203806 0.1393643106952678 0.07734532075406401
357 0.00017468704145759135 0.06236327380036011 0.13953414565441666 0.07717087185405656
358 0.000175162761869317 0.06270826874921549 0.13970421564541213 0.07699594689619667
359 0.0001756378087085162 0.0630539733263573 0.13987451988119934 0.07682054655484204
360 0.00017611218354188676 0.06340038607507922 0.14004505757786076 0.07664467150278152
361 0.00017658588793172404 0.06374750554335237 0.14021582795459178 0.0764683224112394
362 0.00017705892343590322 0.06409533028379698 0.1403868302336769 0.07629149994987991
363 0.00017753129160786335 0.0644438588536544 0.14055806364046602 0.0761142047868116
364 0.00017800299399659214 0.06479308981475954 0.1407295274033514 0.07593643758859187
365 0.00017847403214661276 0.06514302173351365 0.14090122075374495 0.0757581990202313
366 0.00017894440759797108 0.06549365318085741 0.14107314292605555 0.07557948974519814
367 0.00017941412188622504 0.0658449827322446 0.14124529315766757 0.07540031042542299
368 0.00017988317654243409 0.06619700896761574 0.14141767068891875 0.07522066172130298
369 0.00018035157309315063 0.06654973047137258 0.14159027476307914 0.07504054429170658
370 0.00018081931306041237 0.06690314583235259 0.14176310462633038 0.07485995879397782
371 0.00018128639796173514 0.06725725364380374 0.14193615952774474 0.07467890588394101
372 0.00018175282931010752 0.06761205250336001 0.14210943871926526 0.07449738621590528
373 0.00018221860861398597 0.06796754101301676 0.14228294145568565 0.07431540044266892
374 0.00018268373737729082 0.06832371777910677 0.14245666699463086 0.07413294921552409
375 0.00018314821709940383 0.06868058141227644 0.14263061459653775 0.07395003318426134
376 0.00018361204927516556 0.06903813052746226 0.14280478352463627 0.07376665299717403
377 0.00018407523539487472 0.06939636374386776 0.14297917304493074 0.07358280930106297
378 0.00018453777694428741 0.06975527968494064 0.14315378242618162 0.07339850274124099
379 0.00018499967540461788 0.07011487697835019 0.14332861093988755 0.07321373396153737
380 0.00018546093225253936 0.07047515425596497 0.14350365786026748 0.0730285036043025
381 0.0001859215489601863 0.07083611015383098 0.1436789224642433 0.07284281231041233
382 0.0001863815269951568 0.07119774331214987 0.14385440403142286 0.07265666071927297
383 0.00018684086782051583 0.07156005237525757 0.14403010184408274 0.07247004946882517
384 0.0001872995728947997 0.07192303599160307 0.144206015187152 0.07228297919554892
385 0.00018775764367201997 0.07228669281372767 0.1443821433481956 0.07209545053446789
386 0.000188215081601669 0.07265102149824425 0.14455848561739826 0.07190746411915402
387 0.00018867188812872593 0.07301602070581693 0.14473504128754897 0.07171902058173203
388 0.00018912806469366253 0.07338168910114105 0.14491180965402492 0.0715301205528839
389 0.00018958361273245067 0.07374802535292328 0.14508879001477665 0.07134076466185336
390 0.00019003853367656915 0.07411502813386196 0.14526598167031246 0.0711509535364505
391 0.00019049282895301203 0.0744826961206277 0.14544338392368378 0.07096068780305607
392 0.00019094649998429704 0.07485102799384444 0.14562099608047058 0.07076996808662614
393 0.00019139954818847414 0.07522002243807033 0.1457988174487668 0.07057879501069647
394 0.00019185197497913493 0.07558967814177917 0.14597684733916616 0.07038716919738697
395 0.00019230378176542256 0.07595999379734192 0.14615508506474822 0.07019509126740628
396 0.00019275496995204176 0.07633096810100853 0.14633352994106452 0.07000256184005599
397 0.00019320554093926902 0.07670259975288982 0.1465121812861251 0.06980958153323527
398 0.0001936554961229641 0.07707488745693972 0.14669103842038494 0.06961615096344523
399 0.00019410483689458088 0.07744782992093777 0.14687010066673112 0.06942227074579331
400 0.00019455356464117887 0.07782142585647155 0.14704936735046922 0.06922794149399768
401 0.0001950016807454355 0.07819567397891965 0.14722883779931134 0.06903316382039172
402 0.00019544918658565813 0.07857057300743457 0.1474085113433627 0.06883793833592812
403 0.0001958960835357964 0.07894612166492594 0.14758838731510965 0.06864226565018369
404 0.00019634237296545543 0.07932231867804398 0.1477684650494073 0.0684461463713633
405 0.00019678805623990863 0.07969916277716299 0.14794874388346743 0.06824958110630445
406 0.00019723313472011115 0.08007665269636513 0.14812922315684668 0.06805257046048153
407 0.00019767760976271333 0.08045478717342432 0.14830990221143436 0.06785511503801007
408 0.00019812148272007482 0.08083356494979053 0.14849078039144167 0.06765721544165114
409 0.00019856475494027827 0.0812129847705738 0.14867185704338937 0.06745887227281559
410 0.0001990074277671436 0.08159304538452888 0.14885313151609716 0.06726008613156832
411 0.00019944950254024296 0.08197374554403986 0.14903460316067235 0.06706085761663251
412 0.00019989098059491453 0.08235508400510479 0.1492162713304987 0.06686118732539392
413 0.0002003318632622781 0.08273705952732087 0.14939813538122593 0.06666107585390507
414 0.00020077215186924967 0.08311967087386936 0.1495801946707588 0.06646052379688944
415 0.00020121184773855646 0.08350291681150092 0.14976244855924664 0.06625953174774575
416 0.00020165095218875254 0.08388679611052105 0.14994489640907308 0.066058100298552
417 0.00020208946653423415 0.08427130754477563 0.15012753758484537 0.06585623004006977
418 0.00020252739208525498 0.08465644989163659 0.1503103714533849 0.0656539215617483
419 0.0002029647301479423 0.08504222193198781 0.15049339738371645 0.06545117545172864
420 0.0002034014820243122 0.08542862245021114 0.15067661474705893 0.06524799229684783
421 0.0002038376490122862 0.08581565023417248 0.15086002291681527 0.06504437268264279
422 0.00020427323240570637 0.0862033040752081 0.1510436212685628 0.06484031719335472
423 0.0002047082334943522 0.08659158276811096 0.1512274091800439 0.06463582641193291
424 0.0002051426535639562 0.08698048511111742 0.15141138603115642 0.06443090092003896
425 0.0002055764938962206 0.08737000990589375 0.1515955512039445 0.06422554129805075
426 0.0002060097557688331 0.0877601559575229 0.15177990408258926 0.06401974812506636
427 0.00020644244045548379 0.08815092207449157 0.15196444405339993 0.06381352197890837
428 0.00020687454922588128 0.08854230706867719 0.15214917050480464 0.06360686343612747
429 0.0002073060833457691 0.08893430975533496 0.15233408282734165 0.06339977307200673
430 0.00020773704407694258 0.08932692895308532 0.15251918041365073 0.06319225146056545
431 0.00020816743267726494 0.08972016348390119 0.15270446265846427 0.06298429917456308
432 0.00020859725040068406 0.0901140121730955 0.15288992895859868 0.06277591678550316
433 0.00020902649849724935 0.09050847384930899 0.15307557871294625 0.06256710486363727
434 0.000209455178213128 0.09090354734449754 0.1532614113224664 0.06235786397796885
435 0.0002098832907906218 0.0912992314939205 0.1534474261901776 0.0621481946962571
436 0.00021031083746818384 0.09169552513612816 0.15363362272114903 0.06193809758502088
437 0.00021073781948043513 0.09209242711295017 0.1538200003224926 0.06172757320954246
438 0.0002111642380581812 0.09248993626948337 0.15400655840335484 0.061516622133871456
439 0.00021159009442842886 0.09288805145408027 0.15419329637490886 0.06130524492082857
440 0.00021201538981440295 0.0932867715183373 0.15438021365034663 0.061093442132009304
441 0.00021244012543556275 0.09368609531708318 0.15456730964487114 0.060881214327788
442 0.0002128643025076189 0.09408602170836756 0.15475458377568874 0.06066856206732119
443 0.00021328792224254982 0.09448654955344957 0.1549420354620013 0.06045548590855175
444 0.00021371098584861833 0.09488767771678655 0.1551296641249989 0.06024198640821233
445 0.00021413349453038843 0.09528940506602286 0.15531746918785208 0.06002806412182924
446 0.0002145554494887416 0.09569173047197875 0.15550545007570477 0.05981371960372598
447 0.0002149768519208935 0.0960946528086394 0.1556936062156665 0.0595989534070271
448 0.00021539770302041034 0.09649817095314382 0.15588193703680553 0.0593837660836617
449 0.00021581800397722542 0.09690228378577422 0.1560704419701414 0.059168158184367145
450 0.00021623775597765557 0.097306990189945 0.15625912044863768 0.058952130258692656
451 0.00021665696020441733 0.09771228905219222 0.15644797190719523 0.05873568285500301
452 0.00021707561783664353 0.09811817926216286 0.15663699578264487 0.058518816520481985
453 0.00021749373004989938 0.09852465971260443 0.15682619151374044 0.058301531801136015
454 0.0002179112980161989 0.09893172929935432 0.1570155585411521 0.058083829241797794
455 0.00021832832290402088 0.09933938692132949 0.15720509630745924 0.05786570938612975
456 0.00021874480587832503 0.0997476314805162 0.15739480425714375 0.05764717277662756
457 0.00021916074810056835 0.10015646188195972 0.15758468183658347 0.05742821995462375
458 0.00021957615072872066 0.10056587703375405 0.1577747284940451 0.05720885146029109
459 0.00021999101491728106 0.100975875847032 0.15796494367967812 0.05698906783264612
460 0.00022040534181729353 0.10138645723595502 0.15815532684550768 0.056768869609552665
461 0.0002208191325763625 0.10179762011770312 0.1583458774454283 0.05654825732772516
462 0.00022123238833866957 0.10220936341246535 0.15853659493519748 0.05632723152273215
463 0.00022164511024498789 0.1026216860434294 0.15872747877242915 0.05610579272899976
464 0.00022205729943269894 0.10303458693677231 0.1589185284165873 0.05588394147981501
465 0.00022246895703580735 0.10344806502165042 0.15910974332897962 0.055661678307329196
466 0.0002228800841849569 0.10386211923018991 0.15930112297275126 0.05543900374256135
467 0.00022329068200744548 0.10427674849747702 0.15949266681287852 0.05521591831540145
468 0.00022370075162724082 0.10469195176154872 0.1596843743161627 0.054992422554613986
469 0.0002241102941649956 0.10510772796338295 0.1598762449512239 0.05476851698784097
470 0.0002245193107380627 0.10552407604688946 0.16006827818849498 0.05454420214160551
471 0.00022492780246051013 0.10594099495890026 0.16026047350021527 0.05431947854131502
472 0.00022533577044313652 0.10635848364916044 0.16045283036042482 0.05409434671126439
473 0.00022574321579348555 0.10677654107031866 0.16064534824495807 0.05386880717463946
474 0.0002261501396158612 0.10719516617791822 0.16083802663143826 0.05364286045352006
475 0.0002265565430113426 0.10761435793038772 0.16103086499927108 0.053416507068883325
476 0.0002269624270777984 0.10803411528903206 0.16122386282963905 0.05318974754060699
477 0.00022736779290990193 0.10845443721802323 0.1614170196054957 0.052962582387472486
478 0.00022777264159914529 0.10887532268439146 0.16161033481155956 0.05273501212716813
479 0.0002281769742338541 0.10929677065801612 0.16180380793430846 0.05250703727629233
480 0.00022858079189920196 0.10971878011161693 0.16199743846197376 0.052278658350356826
481 0.00022898409567722455 0.11014135002074502 0.16219122588453466 0.05204987586378968
482 0.00022938688664683404 0.11056447936377402 0.1623851696937125 0.051820690329938475
483 0.00022978916588383338 0.11098816712189152 0.16257926938296502 0.05159110226107349
484 0.00023019093446092998 0.1114124122790901 0.16277352444748086 0.05136111216839075
485 0.00023059219344774998 0.11183721382215873 0.16296793438417378 0.05113072056201504
486 0.00023099294391085227 0.11226257074067418 0.1631624986916773 0.050899927951003114
487 0.00023139318691374187 0.11268848202699229 0.163357216870339 0.05066873484334669
488 0.0002317929235168844 0.11311494667623959 0.16355208842221508 0.05043714174597551
489 0.00023219215477771887 0.11354196368630451 0.16374711285106489 0.050205149164760335
490 0.00023259088175067174 0.11396953205782916 0.16394228966234517 0.04997275760451601
491 0.00023298910548717055 0.11439765079420075 0.16413761836320517 0.049739967569004465
492 0.00023338682703565692 0.11482631890154321 0.16433309846248084 0.04950677956093763
493 0.00023378404744160008 0.11525553538870886 0.16452872947068947 0.049273194081980616
494 0.0002341807677475102 0.11568529926727002 0.16472451090002446 0.04903921163275441
495 0.00023457698899295116 0.11611560955151082 0.16492044226434988 0.048804832712839044
496 0.00023497271221455406 0.1165464652584188 0.16511652307919525 0.04857005782077644
497 0.00023536793844602981 0.11697786540767681 0.1653127528617501 0.04833488745407329
498 0.00023576266871818248 0.11740980902165489 0.16550913113085902 0.04809932210920411
499 0.00023615690405892148 0.11784229512540181 0.16570565740701587 0.04786336228161403
500 0.00023655064549327488 0.11827532274663745 0.16590233121235914 0.047627008465721696
501 0.00023694389404340158 0.11870889091574417 0.16609915207066636 0.04739026115492219
502 0.00023733665072860424 0.11914299866575932 0.16629611950734915 0.047153120841589825
503 0.00023772891656534154 0.1195776450323668 0.16649323304944788 0.046915588017081095
504 0.00023812069256724049 0.12001282905388919 0.1666904922256266 0.046677663171737396
505 0.000238511979745109 0.12044854977128003 0.16688789656616798 0.04643934679488793
506 0.00023890277910694778 0.12088480622811558 0.16708544560296806 0.0462006393748525
507 0.00023929309165796267 0.12132159747058709 0.16728313886953136 0.04596154139894428
508 0.00023968291840057687 0.12175892254749307 0.16748097590096572 0.04572205335347267
509 0.00024007226033444232 0.12219678051023114 0.1676789562339772 0.04548217572374603
510 0.00024046111845645222 0.12263517041279064 0.167877079406865 0.04524190899407437
511 0.00024084949376075246 0.12307409131174452 0.16807534495951684 0.04500125364777232
512 0.00024123738723875356 0.12351354226624182 0.16827375243340342 0.04476021016716161
513 0.00024162479987914197 0.12395352233799985 0.16847230137157382 0.04451877903357399
514 0.00024201173266789213 0.12439403059129654 0.1686709913186504 0.04427696072735381
515 0.00024239818658827763 0.12483506609296295 0.16886982182082388 0.04403475572786094
516 0.00024278416262088243 0.12527662791237534 0.16906879242584855 0.04379216451347317
517 0.00024316966174361282 0.12571871512144786 0.16926790268303696 0.04354918756158911
518 0.00024355468493170805 0.12616132679462477 0.16946715214325556 0.043305825348630804
519 0.00024393923315775153 0.12660446200887304 0.16966654035891937 0.043062078350046364
520 0.00024432330739168243 0.12704811984367487 0.1698660668839875 0.042817947040312644
521 0.0002447069086008061 0.12749229938102 0.17006573127395788 0.0425734318929379
522 0.00024509003774980545 0.12793699970539843 0.17026553308586279 0.042328533380464384
523 0.0002454726958007513 0.12838221990379295 0.1704654718782639 0.04208325197447095
524 0.00024585488371311397 0.1288279590656717 0.1706655472112474 0.0418375881455757
525 0.000246236602443773 0.1292742162829808 0.1708657586464194 0.0415915423634386
526 0.00024661785294702825 0.12972099065013687 0.1710661057469008 0.04134511509676394
527 0.0002469986361746109 0.13016828126401994 0.171266588077323 0.041098306813303065
528 0.00024737895307569305 0.13061608722396592 0.17146720520382275 0.04085111797985686
529 0.00024775880459689865 0.1310644076317594 0.1716679566940377 0.04060354906227827
530 0.00024813819168231386 0.13151324159162633 0.1718688421171013 0.040355600525474954
531 0.00024851711527349704 0.13196258821022694 0.17206986104363864 0.040107272833411714
532 0.00024889557630948907 0.13241244659664816 0.1722710130457612 0.039858566449113
533 0.0002492735757268235 0.13286281586239693 0.17247229769706252 0.03960948183466557
534 0.0002496511144595366 0.13331369512139254 0.17267371457261343 0.039360019451220876
535 0.0002500281934391772 0.13376508348995977 0.1728752632489573 0.039110179758997485
536 0.00025040481359481654 0.13421698008682167 0.17307694330410547 0.0388599632172838
537 0.0002507809758530586 0.13466938403309245 0.17327875431753276 0.0386093702844403
538 0.000251156681138049 0.13512229445227036 0.17348069587017242 0.038358401417902095
539 0.0002515319303714856 0.13557571047023073 0.17368276754441211 0.038107057074181376
540 0.00025190672447262743 0.1360296312152188 0.17388496892408867 0.03785533770886986
541 0.00025228106435830463 0.1364840558178428 0.17408729959448402 0.03760324377664124
542 0.00025265495094292775 0.13693898341106686 0.17428975914232042 0.037350775731253574
543 0.0002530283851384973 0.13739441313020404 0.17449234715575573 0.0370979340255517
544 0.000253401367854613 0.13785034411290947 0.17469506322437917 0.036844719111469706
545 0.00025377389999848307 0.13830677549917325 0.17489790693920645 0.0365911314400332
546 0.0002541459824749336 0.13876370643131375 0.1751008778926756 0.03633717146136185
547 0.0002545176161864175 0.13922113605397038 0.175303975678642 0.03608283962467163
548 0.00025488880203302375 0.139679063514097 0.1755071998923743 0.03582813637827728
549 0.00025525954091248644 0.14013748796095507 0.17571055013054965 0.03557306216959462
550 0.0002556298337201935 0.1405964085461064 0.17591402599124925 0.035317617445142876
551 0.0002559996813491959 0.14105582442340694 0.17611762707395404 0.03506180265054708
552 0.0002563690846902163 0.14151573474899942 0.17632135297953985 0.03480561823054044
553 0.0002567380446316583 0.141976138681307 0.1765252033102735 0.034549064628966494
554 0.000257106562059614 0.14243703538102617 0.17672917766980775 0.03429214228878161
555 0.00025747463785787415 0.14289842401112016 0.1769332756631773 0.03403485165205714
556 0.00025784227290793566 0.14336030373681222 0.1771374968967941 0.03377719315998188
557 0.00025820946808901066 0.14382267372557891 0.17734184097844316 0.03351916725286424
558 0.00025857622427803473 0.1442855331471434 0.17754630751727793 0.03326077437013453
559 0.0002589425423496756 0.14474888117346865 0.17775089612381592 0.033002014950347276
560 0.0002593084231763411 0.14521271697875102 0.17795560640993452 0.03274288943118346
561 0.0002596738676281881 0.14567703973941348 0.17816043798886633 0.03248339824945284
562 0.00026003887657312987 0.14614184863409901 0.17836539047519503 0.032223541841096034
563 0.00026040345087684533 0.14660714284366394 0.1785704634848509 0.03196332064118695
564 0.00026076759140278635 0.14707292155117152 0.17877565663510644 0.03170273508393491
565 0.00026113129901218616 0.14753918394188523 0.17898096954457213 0.03144178560268689
566 0.0002614945745640675 0.14800592920326222 0.17918640183319196 0.031180472629929703
567 0.0002618574189152504 0.14847315652494697 0.17939195312223924 0.03091879659729228
568 0.0002622198329203601 0.14894086509876453 0.1795976230343124 0.03065675793554785
569 0.00026258181743183507 0.14940905411871414 0.17980341119333024 0.0303943570746161
570 0.0002629433732999347 0.14987772278096279 0.1800093172245281 0.03013159444356528
571 0.00026330450137274726 0.1503468702838387 0.1802153407544533 0.02986847047061462
572 0.00026366520249619733 0.15081649582782486 0.18042148141096107 0.029604985583136224
573 0.00026402547751405356 0.15128659861555274 0.1806277388232101 0.029341140207657396
574 0.00026438532726793656 0.1517571778517956 0.18083411262165835 0.029076934769862773
575 0.0002647447525973262 0.1522282327434626 0.1810406024380589 0.02881236969459633
576 0.0002651037543395689 0.15269976249959166 0.18124720790545545 0.02854744540586378
577 0.0002654623333298855 0.1531717663313439 0.1814539286581784 0.028282162326834486
578 0.0002658204904013788 0.15364424345199695 0.18166076433184053 0.028016520879843586
579 0.0002661782263850401 0.15411719307693825 0.18186771456333256 0.02775052148639432
580 0.0002665355421097578 0.15459061442365954 0.18207477899081934 0.02748416456715982
581 0.0002668924384023233 0.15506450671174982 0.18228195725373536 0.0272174505419855
582 0.0002672489160874394 0.1555388691628897 0.18248924899278066 0.02695037982989097
583 0.00026760497598772646 0.15601370100084452 0.1826966538499167 0.026682952849072183
584 0.0002679606189237304 0.15648900145145855 0.18290417146836216 0.026415170016903574
585 0.0002683158457139294 0.15696476974264872 0.1831118014925887 0.02614703174993999
586 0.00026867065717474094 0.15744100510439818 0.183319543568317 0.025878538463918823
587 0.0002690250541205286 0.15791770676875033 0.18352739734251247 0.025609690573762153
588 0.00026937903736360975 0.15839487396980254 0.18373536246338115 0.02534048849357863
589 0.00026973260771426136 0.15887250594369995 0.18394343858036563 0.025070932636665717
590 0.0002700857659807278 0.15935060192862943 0.18415162534414092 0.02480102341551149
591 0.0002704385129692275 0.15982916116481344 0.18435992240661034 0.024530761241796886
592 0.00027079084948395917 0.16030818289450383 0.18456832942090143 0.024260146526397616
593 0.00027114277632710914 0.16078766636197575 0.18477684604136194 0.023989179679386154
594 0.0002714942942988579 0.1612676108135216 0.18498547192355544 0.02371786111003386
595 0.0002718454041973866 0.16174801549744502 0.18519420672425788 0.023446191226812817
596 0.0002721961068188839 0.1622288796640548 0.18540305010145286 0.02317417043739806
597 0.0002725464029575523 0.1627102025656587 0.18561200171432804 0.022901799148669313
598 0.00027289629340561486 0.16319198345655772 0.18582106122327086 0.022629077766713118
599 0.00027324577895332174 0.16367422159303974 0.18603022828986457 0.022356006696824856
600 0.0002735948603889565 0.1641569162333739 0.18623950257688435 0.022082586343510496
601 0.00027394353849884243 0.1646400666378043 0.18644888374829313 0.021808817110488817
602 0.0002742918140673494 0.16512367206854434 0.18665837146923758 0.021534699400693236
603 0.00027463968787689956 0.16560773178977045 0.1868679654060442 0.02126023361627376
604 0.0002749871607079743 0.16609224506761647 0.1870776652262154 0.020985420158598923
605 0.00027533423333911996 0.1665772111701676 0.18728747059842538 0.020710259428257764
606 0.00027568090654695446 0.1670626293674544 0.18749738119251616 0.020434751825061766
607 0.0002760271811061733 0.1675484989314472 0.18770739667949385 0.020158897748046696
608 0.0002763730577895555 0.16803481913604973 0.18791751673152438 0.019882697595474674
609 0.00027671853736797034 0.16852158925709398 0.18812774102192986 0.019606151764835888
610 0.00027706362061038315 0.1690088085723337 0.18833806922518442 0.019329260652850698
611 0.0002774083082838608 0.16949647636143897 0.18854850101691042 0.01905202465547142
612 0.00027775260115357894 0.1699845919059903 0.1887590360738745 0.01877444416788423
613 0.00027809649998282644 0.17047315448947262 0.1889696740739837 0.018496519584511054
614 0.000278440005533013 0.17096216339726997 0.18918041469628158 0.018218251299011563
615 0.0002787831185636737 0.1714516179166593 0.18939125762094416 0.01793963970428485
616 0.0002791258398324756 0.17194151733680496 0.18960220252927643 0.01766068519247149
617 0.0002794681700952235 0.17243186094875287 0.1898132491037081 0.017381388154955223
618 0.00027981011010586547 0.17292264804542487 0.19002439702778992 0.017101748982365043
619 0.00028015166061649913 0.17341387792161295 0.19023564598618978 0.016821768064576824
620 0.00028049282237737683 0.17390554987397364 0.19044699566468895 0.016541445790715273
621 0.00028083359613691205 0.17439766320102237 0.1906584457501782 0.01626078254915583
622 0.0002811739826416843 0.1748902172031276 0.19086999593065399 0.015979778727526355
623 0.00028151398263644536 0.17538321118250547 0.19108164589521462 0.01569843471270912
624 0.000281853596864125 0.175876644443214 0.19129339533405645 0.015416750890842483
625 0.00028219282606583576 0.17637051629114736 0.19150524393847015 0.015134727647322821
626 0.00028253167098087956 0.17686482603403064 0.19171719140083698 0.014852365366806335
627 0.00028287013234675276 0.177359572981414 0.19192923741462478 0.014569664433210772
628 0.00028320821089915146 0.17785475644466714 0.1921413816743844 0.014286625229717308
629 0.00028354590737197726 0.17835037573697368 0.192353623875746 0.01400324813877231
630 0.00028388322249734267 0.17884643017332588 0.192565963715415 0.013719533542089154
631 0.00028422015700557663 0.17934291907051883 0.19277840089116882 0.013435481820649983
632 0.0002845567116252296 0.17983984174714515 0.19299093510185267 0.013151093354707507
633 0.0002848928870830795 0.18033719752358932 0.19320356604737607 0.01286636852378676
634 0.00028522868410413624 0.18083498572202236 0.19341629342870928 0.012581307706686936
635 0.0002855641034116477 0.18133320566639627 0.1936291169478793 0.01229591128148299
636 0.00028589914572710486 0.18183185668243865 0.19384203630796634 0.012010179625527632
637 0.00028623381177024683 0.18233093809764725 0.19405505121310007 0.011724113115452866
638 0.00028656810225906635 0.1828304492412843 0.19426816136845618 0.011437712127171892
639 0.0002869020179098148 0.1833303894443717 0.1944813664802524 0.011150977035880727
640 0.00028723555943700773 0.18383075803968493 0.19469466625574505 0.010863908216060085
641 0.00028756872755342954 0.18433155436174836 0.1949080604032253 0.010576506041476967
642 0.0002879015229701388 0.18483277774682913 0.19512154863201558 0.010288770885186442
643 0.00028823394639647344 0.18533442753293247 0.19533513065246594 0.010000703119533457
644 0.0002885659985400561 0.18583650305979613 0.1955488061759505 0.0097123031161544
645 0.0002888976801067982 0.18633900366888492 0.19576257491486385 0.009423571245978939
646 0.0002892289918009064 0.18684192870338556 0.1959764365826172 0.009134507879231668
647 0.0002895599343248863 0.1873452775082014 0.1961903908936352 0.008845113385433818
648 0.00028989050837954794 0.18784904942994712 0.19640443756335205 0.008555388133404973
649 0.00029022071466401123 0.18835324381694332 0.1966185763082081 0.008265332491264769
650 0.00029055055387571026 0.18885786001921162 0.19683280684564614 0.007974946826434522
651 0.000290880026710398 0.18936289738846904 0.19704712889410808 0.007684231505639009
652 0.00029120913386215206 0.18986835527812315 0.19726154217303116 0.007393186894908021
653 0.0002915378760233789 0.19037423304326645 0.1974760464028446 0.00710181335957818
654 0.0002918662538848189 0.19088053004067154 0.19769064130496605 0.006810111264294509
655 0.00029219426813555105 0.19138724562878595 0.19790532660179802 0.006518080973012097
656 0.0002925219194629978 0.19189437916772653 0.19812010201672436 0.00622572284899782
657 0.00029284920855292995 0.192401930019275 0.1983349672741069 0.005933037254831926
658 0.0002931761360894713 0.19290989754687213 0.19854992209928188 0.005640024552409721
659 0.0002935027027551034 0.19341828111561316 0.19876496621855638 0.005346685102943257
660 0.0002938289092306702 0.19392708009224233 0.1989800993592052 0.005053019266962859
661 0.00029415475619538287 0.19443629384514807 0.19919532124946693 0.0047590274043188534
662 0.00029448024432682425 0.19494592174435768 0.19941063161854083 0.00446470987418317
663 0.00029480537430095387 0.19545596316153244 0.19962603019658343 0.004170067035050962
664 0.0002951301467921124 0.19596641746996257 0.19984151671470485 0.003875099244742238
665 0.0002954545624730257 0.19647728404456208 0.20005709090496557 0.00357980686040346
666 0.0002957786220148105 0.19698856226186381 0.20027275250037305 0.0032841902385092104
667 0.0002961023260869782 0.19750025150001443 0.20048850123487813 0.002988249734863698
668 0.00029642567535743936 0.19801235113876947 0.20070433684337194 0.002691985704602466
669 0.0002967486704925088 0.19852486055948837 0.20092025906168232 0.0023953985021939387
670 0.00029707131215690963 0.19903777914512943 0.20113626762657041 0.002098488481440993
671 0.0002973936010137777 0.19955110628024483 0.2013523622757275 0.0018012559954826127
672 0.00029771553772466676 0.2000648413509761 0.2015685427477715 0.0015037013967954093
673 0.00029803712294955187 0.2005789837450484 0.2017848087822437 0.0012058250371952627
674 0.0002983583573468347 0.20109353285176657 0.20200116011960537 0.000907627267838825
675 0.00029867924157334736 0.20160848806200946 0.20221759650123464 0.0006091084392251774
676 0.0002989997762843572 0.20212384876822545 0.20243411766942276 0.0003102689011972896
677 0.00029931996213357104 0.20263961436442768 0.2026507233673713 1.1109002943698875e-05
678 0.0002996397997731394 0.20315578424618858 0.20286741333918856 -0.000288370906999987
679 0.0002999592898536612 0.20367235781063595 0.20308418732988637 -0.0005881704807495798
680 0.0003002784330241874 0.20418933445644746 0.20330104508537677 -0.000888289371070683
681 0.00030059722993222625 0.204706713583846 0.20351798635246887 -0.0011887272313771439
682 0.0003009156812237465 0.20522449459459516 0.2037350108788655 -0.0014894837157296262
683 0.00030123378754318283 0.20574267689199388 0.20395211841315988 -0.0017905584788339738
684 0.0003015515495334391 0.20626125988087232 0.20416930870483274 -0.002091951176039612
685 0.0003018689678358932 0.20678024296758685 0.2043865815042486 -0.0023936614633382667
686 0.00030218604309040085 0.207299625560015 0.2046039365626529 -0.0026956889973621073
687 0.0003025027759353004 0.2078194070675514 0.20482137363216885 -0.002998033435382541
688 0.0003028191670074161 0.20833958690110232 0.20503889246579382 -0.0033006944353084636
689 0.0003031352169420634 0.20886016447308167 0.20525649281739675 -0.003603671655684907
690 0.0003034509263730518 0.20938113919740578 0.20547417444171437 -0.003906964755691382
691 0.0003037662959326904 0.20990251048948905 0.20569193709434855 -0.004210573395140579
692 0.0003040813262517909 0.21042427776623923 0.20590978053176265 -0.004514497234476619
693 0.000304396017959672 0.2109464404460527 0.20612770451127893 -0.004818735934773754
694 0.00030471037168416394 0.2114689979488098 0.20634570879107497 -0.005123289157734841
695 0.0003050243880516121 0.2119919496958704 0.20656379313018067 -0.005428156565689749
696 0.0003053380676868811 0.21251529511006922 0.20678195728847518 -0.005733337821594035
697 0.00030565141121335904 0.21303903361571122 0.20700020102668396 -0.006038832589027273
698 0.0003059644192529613 0.213563164638567 0.2072185241063752 -0.006344640532191792
699 0.00030627709242613487 0.21408768760586827 0.2074369262899572 -0.006650761315911077
700 0.0003065894313518618 0.21461260194630327 0.207655407340675 -0.006957194605628262
701 0.00030690143664766404 0.21513790709001243 0.2078739670226076 -0.007263940067404828
702 0.0003072131089296063 0.21566360246858363 0.20809260510066466 -0.007570997367918997
703 0.00030752444881230106 0.21618968751504766 0.20831132134058336 -0.007878366174464321
704 0.00030783545690891187 0.21671616166387392 0.2085301155089257 -0.008186046154948239
705 0.0003081461338311574 0.21724302435096596 0.20874898737307526 -0.008494036977890699
706 0.0003084564801893154 0.21777027501365667 0.20896793670123415 -0.008802338312422556
707 0.0003087664965922267 0.21829791309070426 0.20918696326242003 -0.009110949828284257
708 0.0003090761836472989 0.2188259380222876 0.2094060668264632 -0.0094198711958244
709 0.00030938554196051024 0.21935434925000175 0.20962524716400352 -0.00972910208599825
710 0.0003096945721364138 0.21988314621685373 0.2098445040464874 -0.010038642170366341
711 0.00031000327477814066 0.22041232836725796 0.21006383724616498 -0.010348491121093033
712 0.0003103116504874044 0.22094189514703194 0.2102832465360868 -0.01065864861094515
713 0.00031061969986450466 0.22147184600339181 0.21050273169010134 -0.010969114313290477
714 0.0003109274235083308 0.2220021803849482 0.2107222924828518 -0.011279887902096412
715 0.0003112348220163659 0.22253289774170165 0.21094192868977313 -0.011590969051928543
716 0.00031154189598469044 0.22306399752503833 0.21116164008708913 -0.011902357437949259
717 0.0003118486460079859 0.2235954791877259 0.2113814264518096 -0.012214052735916277
718 0.00031215507267953887 0.22412734218390887 0.21160128756172755 -0.012526054622181326
719 0.00031246117659124433 0.2246595859691047 0.21182122319541594 -0.012838362773688756
720 0.0003127669583336099 0.22519221000019915 0.2120412331322251 -0.013150976867974047
721 0.00031307241849575906 0.2257252137354423 0.2122613171522797 -0.013463896583162589
722 0.00031337755766543525 0.22625859663444423 0.21248147503647613 -0.013777121597968104
723 0.00031368237642900496 0.2267923581581706 0.21270170656647913 -0.01409065159169142
724 0.00031398687537146215 0.2273264977689386 0.2129220115247195 -0.01440448624421909
725 0.0003142910550764315 0.22786101493041283 0.21314238969439098 -0.014718625236021876
726 0.00031459491612617185 0.22839590910760074 0.2133628408594472 -0.015033068248153559
727 0.00031489845910158035 0.2289311797668489 0.21358336480459944 -0.015347814962249462
728 0.00031520168458219565 0.22946682637583843 0.2138039613153133 -0.015662865060525135
729 0.00031550459314620173 0.2300028484035811 0.2140246301778061 -0.015978218225775002
730 0.00031580718537043144 0.23053924532041498 0.21424537117904402 -0.016293874141370956
731 0.00031610946183037 0.2310760165980005 0.21446618410673937 -0.01660983249126112
732 0.00031641142310015875 0.2316131617093162 0.2146870687493479 -0.01692609295996832
733 0.00031671306975259854 0.2321506801286547 0.21490802489606572 -0.01724265523258899
734 0.00031701440235915333 0.23268857133161858 0.21512905233682697 -0.0175595189947916
735 0.0003173154214899538 0.23322683479511605 0.21535015086230067 -0.017876683932815392
736 0.00031761612771380086 0.23376546999735742 0.2155713202638882 -0.018194149733469184
737 0.00031791652159816886 0.23430447641785046 0.21579256033372063 -0.018511916084129863
738 0.0003182166037092097 0.23484385353739679 0.21601387086465568 -0.01882998267274109
739 0.00031851637461175587 0.23538360083808757 0.21623525165027543 -0.01914834918781212
740 0.00031881583486932386 0.23592371780329965 0.21645670248488333 -0.019467015318416287
741 0.000319114985044118 0.23646420391769146 0.21667822316350166 -0.01978598075418984
742 0.00031941382569703375 0.23700505866719906 0.21689981348186851 -0.02010524518533059
743 0.000319712357387661 0.23754628153903212 0.2171214732364356 -0.02042480830259652
744 0.0003200105806742876 0.23808787202167003 0.2173432022243654 -0.02074466979730459
745 0.000320308496113903 0.23862982960485773 0.21756500024352832 -0.02106482936132942
746 0.00032060610426220133 0.23917215377960216 0.2177868670925002 -0.021385286687101972
747 0.0003209034056735849 0.23971484403816787 0.21800880257055966 -0.021706041467608208
748 0.0003212004009011678 0.2402578998740735 0.21823080647768558 -0.02202709339638788
749 0.00032149709049677903 0.24080132078208746 0.21845287861455423 -0.022348442167533237
750 0.0003217934750109661 0.24134510625822456 0.21867501878253695 -0.02267008747568763
751 0.00032208955499299813 0.24188925579974158 0.2188972267836971 -0.02299202901604447
752 0.0003223853309908692 0.2424337689051337 0.21911950242078806 -0.023314266484345626
753 0.0003226808035513023 0.24297864507413064 0.21934184549725028 -0.0236367995768804
754 0.00032297597321975167 0.2435238838076928 0.2195642558172085 -0.02395962799048424
755 0.0003232708405404069 0.24406948460800723 0.21978673318546987 -0.024282751422537337
756 0.0003235654060561959 0.24461544697848406 0.22000927740752066 -0.024606169570963437
757 0.00032385967030878836 0.24516177042375278 0.2202318882895241 -0.024929882134228663
758 0.0003241536338385988 0.2457084544496579 0.22045456563831778 -0.025253888811340098
759 0.0003244472971847901 0.24625549856325568 0.22067730926141102 -0.025578189301844672
760 0.0003247406608852768 0.2468029022728104 0.22090011896698264 -0.025902783305827782
761 0.0003250337254767281 0.24735066508779005 0.22112299456387782 -0.02622767052391221
762 0.00032532649149457114 0.24789878651886316 0.22134593586160645 -0.026552850657256728
763 0.0003256189594729945 0.24844726607789483 0.2215689426703399 -0.02687832340755491
764 0.00032591112994495136 0.2489961032779428 0.22179201480090888 -0.027204088477033914
765 0.00032620300344216236 0.24954529763325423 0.22201515206480096 -0.02753014556845324
766 0.00032649458049511935 0.25009484865926146 0.22223835427415795 -0.027856494385103507
767 0.0003267858616330884 0.2506447558725788 0.22246162124177365 -0.02818313463080516
768 0.0003270768473841125 0.2511950187909984 0.22268495278109104 -0.028510066009907385
769 0.00032736753827501566 0.25174563693348706 0.22290834870620033 -0.0288372882272867
770 0.0003276579348314053 0.2522966098201821 0.22313180883183617 -0.029164800988345913
771 0.0003279480375776757 0.25284793697238794 0.22335533297337518 -0.0294926039990128
772 0.0003282378470370114 0.2533996179125728 0.22357892094683385 -0.029820696965738955
773 0.00032852736373138996 0.25395165216436444 0.2238025725688659 -0.03014907959549852
774 0.00032881658818158515 0.25450403925254694 0.2240262876567599 -0.030477751595787042
775 0.0003291055209071703 0.25505677870305704 0.22425006602843686 -0.030806712674620193
776 0.0003293941624265214 0.25560987004298064 0.224473907502448 -0.03113596254053265
777 0.00032968251325681994 0.2561633128005491 0.2246978118979722 -0.03146550090257689
778 0.000329970573914056 0.25671710650513563 0.22492177903481367 -0.031795327470321946
779 0.000330258344913032 0.2572712506872519 0.22514580873339968 -0.03212544195385226
780 0.0003305458267673649 0.25782574487854465 0.22536990081477815 -0.03245584406376646
781 0.00033083301998948977 0.2583805886117915 0.22559405510061523 -0.03278653351117626
782 0.0003311199250906627 0.25893578142089824 0.22581827141319308 -0.03311751000770515
783 0.00033140654258096417 0.259491322840895 0.22604254957540768 -0.03344877326548732
784 0.0003316928729693017 0.2600472124079325 0.2262668894107661 -0.03378032299716642
785 0.00033197891676341277 0.260603449659279 0.2264912907433845 -0.034112158915894523
786 0.00033226467446986844 0.26116003413331657 0.22671575339798591 -0.03444428073533072
787 0.000332550146594076 0.2617169653695378 0.22694027719989762 -0.0347766881696402
788 0.0003328353336402818 0.262274242908542 0.22716486197504915 -0.03510938093349288
789 0.00033312023611157464 0.26283186629203237 0.22738950754996998 -0.03544235874206246
790 0.0003334048545098887 0.26338983506281205 0.22761421375178703 -0.03577562131102507
791 0.0003336891893360063 0.26394814876478095 0.22783898040822279 -0.036109168356558176
792 0.0003339732410895609 0.2645068069429322 0.22806380734759266 -0.03644299959533956
793 0.00033425701026904036 0.265065809143349 0.22828869439880303 -0.03677711474454595
794 0.0003345404973717897 0.26562515491320104 0.22851364139134892 -0.037111513521852074
795 0.0003348237028940139 0.2661848438007411 0.2287386481553117 -0.03744619564542937
796 0.00033510662733078134 0.266744875355302 0.228963714521357 -0.03778116083394496
797 0.0003353892711760261 0.26730524912729275 0.22918884032073236 -0.038116408806560434
798 0.00033567163492255133 0.26786596466819595 0.22941402538526515 -0.03845193928293079
799 0.000335953719062032 0.2684270215305636 0.2296392695473604 -0.03878775198320321
800 0.00033623552408501795 0.26898841926801437 0.22986457263999832 -0.03912384662801603
801 0.0003365170504809367 0.2695501574352302 0.2300899344967327 -0.03946022293849756
802 0.0003367982987380961 0.2701122355879531 0.23031535495168806 -0.03979688063626499
803 0.0003370792693436878 0.27067465328298135 0.2305408338395581 -0.040133819443423244
804 0.0003373599627837898 0.271237410078167 0.23076637099560307 -0.04047103908256389
805 0.00033764037954336885 0.2718005055324119 0.2309919662556479 -0.04080853927676399
806 0.00033792052010628434 0.2723639392056651 0.23121761945608008 -0.04114631974958508
807 0.0003382003849552902 0.2729277106589192 0.23144333043384718 -0.04148438022507194
808 0.00033847997457203845 0.27349181945420703 0.23166909902645547 -0.04182272042775159
809 0.0003387592894370814 0.27405626515459885 0.23189492507196674 -0.04216134008263213
810 0.0003390383300298753 0.27462104732419895 0.23212080840899726 -0.042500238915201695
811 0.0003393170968287822 0.27518616552814235 0.23234674887671508 -0.04283941665142726
812 0.00033959559031107345 0.2757516193325917 0.23257274631483799 -0.043178873017753715
813 0.0003398738109529324 0.276317408304734 0.2327988005636314 -0.043518607741102625
814 0.00034015175922945694 0.27688353201277793 0.2330249114639068 -0.04385862054887116
815 0.0003404294356146627 0.2774499900259501 0.23325107885701904 -0.044198911168931085
816 0.0003407068405814853 0.27801678191449203 0.2334773025848643 -0.044539479329627686
817 0.00034098397460178366 0.27858390724965726 0.23370358248987866 -0.04488032475977857
818 0.00034126083814634255 0.2791513656037081 0.23392991841503546 -0.04522144718867268
819 0.00034153743168487507 0.2797191565499127 0.23415631020384348 -0.04556284634606926
820 0.0003418137556860261 0.28028727966254147 0.2343827577003448 -0.045904521962196645
821 0.00034208981061737445 0.2808557345168644 0.23460926074911306 -0.04624647376775139
822 0.0003423655969454356 0.28142452068914803 0.23483581919525107 -0.046588701493897
823 0.0003426411151356648 0.2819936377566521 0.23506243288438913 -0.04693120487226299
824 0.0003429163656524596 0.2825630852976267 0.23528910166268288 -0.04727398363494387
825 0.0003431913489591628 0.28313286289130934 0.2355158253768114 -0.04761703751449789
826 0.0003434660655180644 0.2837029701179212 0.23574260387397494 -0.047960366243946256
827 0.0003437405157904054 0.2842734065586653 0.23596943700189338 -0.04830396955677183
828 0.0003440147002363797 0.2848441717957224 0.2361963246088041 -0.04864784718691829
829 0.000344288619315137 0.2854152654122485 0.23642326654345963 -0.04899199886878888
830 0.00034456227348478557 0.28598668699237195 0.23665026265512643 -0.049336424337245534
831 0.0003448356632023949 0.28655843612119014 0.23687731279358237 -0.04968112332760778
832 0.0003451087889239984 0.28713051238476667 0.237104416809115 -0.0500260955756517
833 0.0003453816511045959 0.28770291537012843 0.23733157455251958 -0.05037134081760877
834 0.00034565425019815644 0.28827564466526245 0.23755878587509727 -0.050716858790165215
835 0.0003459265866576209 0.28884869985911343 0.23778605062865305 -0.0510626492304604
836 0.0003461986609349046 0.2894220805415803 0.23801336866549386 -0.05140871187608638
837 0.00034647047348090003 0.2899957863035133 0.23824073983842683 -0.05175504646508647
838 0.00034674202474547936 0.2905698167367117 0.23846816400075727 -0.05210165273595439
839 0.00034701331517749697 0.29114417143391996 0.23869564100628668 -0.05244853042763326
840 0.0003472843452247924 0.2917188499888256 0.2389231707093111 -0.0527956792795145
841 0.00034755511533419265 0.292293851996056 0.23915075296461913 -0.0531430990314369
842 0.00034782562595151497 0.2928691770511756 0.23937838762749006 -0.05349078942368555
843 0.00034809587752156906 0.29344482475068273 0.2396060745536919 -0.053838750196990845
844 0.0003483658704881604 0.2940207946920073 0.23983381359947983 -0.054186981092527536
845 0.00034863560529409195 0.29459708647350774 0.24006160462159412 -0.05453548185191363
846 0.00034890508238116753 0.2951736996944677 0.24028944747725828 -0.054884252217209425
847 0.0003491743021901936 0.295750633955094 0.2405173420241774 -0.05523329193091662
848 0.0003494432651609825 0.2963278888565132 0.2407452881205361 -0.0555826007359771
849 0.0003497119717323548 0.29690546400076917 0.24097328562499706 -0.05593217837577211
850 0.00034998042234214125 0.2974833589908201 0.24120133439669883 -0.05628202459412127
851 0.00035024861742718647 0.29806157343053563 0.24142943429525415 -0.056632139135281506
852 0.00035051655742335036 0.29864010692469456 0.24165758518074848 -0.05698252174394603
853 0.00035078424276551134 0.29921895907898116 0.24188578691373763 -0.057333172165243536
854 0.0003510516738875685 0.29979812949998347 0.24211403935524647 -0.05768409014473704
855 0.00035131885122244424 0.3003776177951899 0.2423423423667669 -0.05803527542842297
856 0.000351585775202087 0.3009574235729865 0.24257069581025625 -0.0583867277627302
857 0.0003518524462574731 0.3015375464426544 0.24279909954813533 -0.05873844689451905
858 0.00035211886481860985 0.3021179860143672 0.24302755344328683 -0.05909043257108039
859 0.00035238503131453797 0.3026987418991881 0.24325605735905356 -0.05944268454013455
860 0.00035265094617333367 0.303279813709067 0.24348461115923653 -0.05979520254983044
861 0.0003529166098221117 0.3038612010568381 0.24371321470809354 -0.06014798634874455
862 0.00035318202268702707 0.30444290355621734 0.24394186787033728 -0.06050103568588005
863 0.0003534471851932782 0.3050249208217991 0.2441705705111334 -0.06085435031066575
864 0.0003537120977651092 0.30560725246905435 0.24439932249609922 -0.06120792997295514
865 0.0003539767608258119 0.3061898981143273 0.24462812369130169 -0.06156177442302558
866 0.0003542411747977288 0.30677285737483306 0.24485697396325587 -0.061915883411577194
867 0.0003545053401022551 0.3073561298686551 0.24508587317892325 -0.062270256689731934
868 0.0003547692571598416 0.30793971521474245 0.24531482120570974 -0.06262489400903273
869 0.0003550329263899967 0.30852361303290715 0.24554381791146468 -0.06297979512144249
870 0.0003552963482112888 0.30910782294382133 0.2457728631644782 -0.06333495977934311
871 0.0003555595230413492 0.3096923445690152 0.24600195683348056 -0.06369038773553465
872 0.0003558224512968739 0.310277177530874 0.24623109878763974 -0.0640460787432343
873 0.00035608513339362624 0.3108623214526357 0.24646028889656021 -0.06440203255607548
874 0.0003563475697464393 0.31144777595838796 0.24668952703028105 -0.06475824892810692
875 0.00035660976076921843 0.31203354067306605 0.24691881305927438 -0.06511472761379171
876 0.00035687170687494327 0.3126196152224503 0.24714814685444392 -0.06547146836800635
877 0.0003571334084756704 0.3132059992331629 0.247377528287123 -0.06582847094603994
878 0.0003573948659825356 0.31379269233266627 0.24760695722907317 -0.06618573510359309
879 0.0003576560798057563 0.31437969414925976 0.24783643355248267 -0.06654326059677713
880 0.0003579170503546336 0.31496700431207764 0.24806595712996446 -0.06690104718211318
881 0.0003581777780375552 0.3155546224510862 0.24829552783455508 -0.0672590946165311
882 0.0003584382632619972 0.31614254819708154 0.2485251455397127 -0.0676174026573688
883 0.0003586985064345265 0.3167307811816869 0.2487548101193158 -0.06797597106237113
884 0.00035895850796080345 0.3173193210373503 0.2489845214476612 -0.06833479958968909
885 0.000359218268245584 0.3179081673973419 0.24921427939946295 -0.0686938879978789
886 0.00035947778769272184 0.31849731989575153 0.24944408384985048 -0.06905323604590106
887 0.0003597370667051708 0.31908677816748654 0.24967393467436702 -0.06941284349311948
888 0.0003599961056849873 0.31967654184826877 0.24990383174896819 -0.06977271009930051
889 0.0003602549050333326 0.3202666105746326 0.2501337749500203 -0.07013283562461228
890 0.00036051346515047486 0.3208569839839226 0.2503637641542991 -0.07049321982962349
891 0.0003607717864357916 0.32144766171429034 0.25059379923898767 -0.07085386247530263
892 0.00036102986928777215 0.3220386434046928 0.25082388008167544 -0.07121476332301731
893 0.0003612877141040196 0.32262992869488943 0.2510540065603565 -0.07157592213453294
894 0.000361545321281253 0.3232215172254402 0.2512841785534279 -0.07193733867201232
895 0.00036180269121531024 0.32381340863770264 0.2515143959396883 -0.07229901269801443
896 0.0003620598243011495 0.32440560257382994 0.25174465859833645 -0.07266094397549357
897 0.0003623167209328521 0.3249980986767683 0.25197496640896966 -0.07302313226779868
898 0.00036257338150362436 0.32559089659025464 0.25220531925158235 -0.07338557733867228
899 0.0003628298064058 0.3261839959588142 0.2524357170065644 -0.07374827895224974
900 0.0003630859960308423 0.3267773964277581 0.25266615955469995 -0.07411123687305819
901 0.0003633419507693467 0.32737109764318145 0.2528966467771655 -0.07447445086601592
902 0.00036359767101104226 0.32796509925196016 0.25312717855552885 -0.07483792069643129
903 0.0003638531571447946 0.32855940090174957 0.25335775477174755 -0.07520164613000203
904 0.00036410840955860755 0.32915400224098124 0.25358837530816697 -0.07556562693281424
905 0.00036436342863962584 0.32974890291886133 0.2538190400475197 -0.07592986287134164
906 0.0003646182147741368 0.33034410258536795 0.2540497488729233 -0.07629435371244468
907 0.0003648727683475732 0.33093960089124885 0.2542805016678793 -0.0766590992233696
908 0.0003651270897445146 0.33153539748801925 0.25451129831627156 -0.07702409917174766
909 0.0003653811793486902 0.3321314920279594 0.25474213870236506 -0.07738935332559435
910 0.0003656350375429807 0.3327278841641125 0.25497302271080413 -0.07775486145330843
911 0.0003658886647094206 0.3333245735502822 0.25520395022661113 -0.07812062332367106
912 0.00036614206122920033 0.33392155984103067 0.2554349211351856 -0.07848663870584506
913 0.00036639522748266806 0.3345188426916759 0.2556659353223019 -0.07885290736937402
914 0.0003666481638493326 0.33511642175828993 0.2558969926741085 -0.07921942908418146
915 0.00036690087070786467 0.33571429669769615 0.25612809307712614 -0.07958620362056998
916 0.0003671533484360998 0.33631246716746743 0.256359236418247 -0.07995323074922044
917 0.00036740559741103997 0.33691093282592366 0.2565904225847325 -0.0803205102411911
918 0.0003676576180088559 0.33750969333212966 0.2568216514642129 -0.08068804186791682
919 0.0003679094106048891 0.33810874834589305 0.2570529229446848 -0.08105582540120822
920 0.00036816097557365417 0.3387080975277618 0.257284236914511 -0.08142386061325087
921 0.00036841231328884065 0.33930774053902224 0.25751559326241785 -0.08179214727660435
922 0.0003686634241233154 0.3399076770416968 0.2577469918774951 -0.08216068516420164
923 0.0003689143084491244 0.34050790669854175 0.2579784326491937 -0.08252947404934811
924 0.00036916496663749504 0.3411084291730454 0.2582099154673247 -0.08289851370572075
925 0.0003694153990588382 0.34170924412942527 0.2584414402220579 -0.0832678039073674
926 0.00036966560608275016 0.34231035123262665 0.2586730068039207 -0.08363734442870596
927 0.00036991558807801506 0.3429117501483199 0.25890461510379653 -0.08400713504452337
928 0.0003701653454126063 0.3435134405428987 0.2591362650129236 -0.0843771755299751
929 0.00037041487845368946 0.34411542208347756 0.2593679564228934 -0.08474746566058408
930 0.0003706641875676237 0.3447176944378901 0.2595996892256499 -0.0851180052122401
931 0.00037091327311996393 0.3453202572746864 0.25983146331348755 -0.08548879396119882
932 0.0003711621354754631 0.34592311026313166 0.2600632785790505 -0.0858598316840811
933 0.0003714107749980741 0.3465262530732031 0.260295134915331 -0.08623111815787213
934 0.00037165919205095173 0.3471296853755889 0.26052703221566825 -0.08660265315992068
935 0.0003719073869964548 0.34773340684168524 0.26075897037374696 -0.08697443646793826
936 0.0003721553601961481 0.3483374171435946 0.26099094928359634 -0.0873464678599983
937 0.0003724031120108048 0.34894171595412415 0.26122296883958857 -0.08771874711453555
938 0.00037265064280040766 0.3495463029467824 0.2614550289364374 -0.08809127401034494
939 0.0003728979529241517 0.35015117779577853 0.2616871294691975 -0.08846404832658109
940 0.0003731450427404464 0.35075634017601964 0.2619192703332622 -0.08883706984275744
941 0.0003733919126069168 0.3513617897631086 0.26215145142436325 -0.08921033833874538
942 0.000373638562880406 0.35196752623334243 0.2623836726385688 -0.08958385359477362
943 0.0003738849939169777 0.35257354926370993 0.2626159338722827 -0.08995761539142723
944 0.00037413120607191717 0.3531798585318898 0.2628482350222428 -0.09033162350964702
945 0.000374377199699734 0.3537864537162486 0.2630805759855199 -0.09070587773072872
946 0.00037462297515416355 0.3543933344958387 0.2633129566595167 -0.09108037783632206
947 0.0003748685327881693 0.35500050055039634 0.2635453769419661 -0.09145512360843022
948 0.00037511387295394486 0.35560795156033964 0.2637778367309307 -0.09183011482940898
949 0.0003753589960029151 0.35621568720676644 0.26401033592480055 -0.09220535128196586
950 0.00037560390228573947 0.35682370717145245 0.264242874422293 -0.09258083274915944
951 0.0003758485921523127 0.35743201113684936 0.2644754521224508 -0.09295655901439859
952 0.0003760930659517676 0.35804059878608274 0.2647080689246411 -0.09333252986144171
953 0.00037633732403247644 0.35864946980295004 0.2649407247285542 -0.09370874507439587
954 0.0003765813667420532 0.3592586238719188 0.2651734194342025 -0.09408520443771629
955 0.0003768251944273553 0.3598680606781243 0.2654061529419191 -0.09446190773620525
956 0.0003770688074344858 0.3604777799073684 0.26563892515235676 -0.09483885475501162
957 0.0003773122061087948 0.36108778124611657 0.26587173596648667 -0.09521604527962996
958 0.00037755539079488214 0.36169806438149704 0.2661045852855973 -0.0955934790958998
959 0.0003777983618365984 0.36230862900129784 0.2663374730112929 -0.09597115599000494
960 0.0003780411195770476 0.36291947479396564 0.26657039904549307 -0.0963490757484726
961 0.0003782836643585884 0.36353060144860355 0.2668033632904308 -0.09672723815817272
962 0.0003785259965228369 0.36414200865496915 0.2670363656486518 -0.09710564300631733
963 0.00037876811641066743 0.36475369610347275 0.2672694060230131 -0.0974842900804596
964 0.00037901002436221514 0.3653656634851753 0.2675024843166821 -0.09786317916849323
965 0.00037925172071687777 0.3659779104917871 0.2677356004331353 -0.09824231005865176
966 0.0003794932058133175 0.3665904368156647 0.267968754276157 -0.09862168253950762
967 0.00037973447998946257 0.36720324214981026 0.2682019457498387 -0.09900129639997164
968 0.00037997554358250963 0.3678163261878693 0.2684351747585771 -0.09938115142929217
969 0.00038021639692892485 0.3684296886241282 0.2686684412070738 -0.09976124741705444
970 0.000380457040364447 0.3690433291535136 0.26890174500033387 -0.10014158415317971
971 0.00038069747422408783 0.3696572474715893 0.2691350860436646 -0.10052216142792471
972 0.0003809376988421349 0.37027144327455513 0.2693684642426744 -0.10090297903188074
973 0.0003811777145521531 0.370885916259245 0.26960187950327197 -0.10128403675597299
974 0.0003814175216869865 0.3715006661231249 0.26983533173166496 -0.10166533439145997
975 0.00038165712057876045 0.37211569256429144 0.2700688208343588 -0.10204687172993261
976 0.0003818965115588826 0.37273099528146936 0.27030234671815573 -0.10242864856331364
977 0.00038213569495804567 0.3733465739740106 0.27053590929015386 -0.10281066468385672
978 0.00038237467110622885 0.3739624283418918 0.2707695084577458 -0.10319291988414608
979 0.0003826134403326995 0.3745785580857127 0.27100314412861753 -0.10357541395709531
980 0.00038285200296601506 0.3751949629066947 0.27123681621074763 -0.1039581466959471
981 0.0003830903593340249 0.3758116425066784 0.27147052461240617 -0.10434111789427221
982 0.0003833285097638722 0.3764285965881225 0.2717042692421534 -0.10472432734596909
983 0.0003835664545819953 0.3770458248541014 0.27193805000883864 -0.10510777484526275
984 0.00038380419411413006 0.377663327008304 0.27217186682159955 -0.10549146018670442
985 0.00038404172868531137 0.37828110275503163 0.2724057195898611 -0.10587538316517069
986 0.0003842790586198747 0.3788991517991965 0.2726396082233336 -0.10625954357586284
987 0.00038451618424145836 0.3795174738463194 0.27287353263201325 -0.10664394121430613
988 0.0003847531058730048 0.38013606860252885 0.27310749272617973 -0.1070285758763491
989 0.000384989823836763 0.3807549357745586 0.2733414884163956 -0.1074134473581629
990 0.00038522633845428897 0.38137407506974613 0.2735755196135055 -0.10779855545624056
991 0.00038546265004644917 0.3819934861960312 0.27380958622863477 -0.10818389996739634
992 0.00038569875893342106 0.3826131688619537 0.27404368817318864 -0.10856948068876503
993 0.0003859346654346952 0.3832331227766523 0.274277825358851 -0.10895529741780133
994 0.0003861703698690769 0.3838533476498624 0.2745119976975836 -0.10934134995227882
995 0.00038640587255468837 0.3844738431919149 0.27474620510162506 -0.10972763809028985
996 0.00038664117380896983 0.3850946091137339 0.2749804474834895 -0.11011416163024443
997 0.0003868762739486815 0.3857156451268354 0.2752147247559658 -0.11050092037086963
998 0.00038711117328990563 0.38633695094332576 0.2754490368321168 -0.11088791411120896
999 0.0003873458721480477 0.38695852627589955 0.2756833836252779 -0.11127514265062174
