Temperature Entropy
1 3.4807274713172875e-95 3.4807274713172875e-95 0.10872627369355707 0.10872627369355707
2 8.896753495437648e-50 1.7793506990875295e-49 0.10872627369355707 0.10872627369355707
3 1.0337092022079577e-34 3.1011276066238724e-34 0.10872627369355707 0.10872627369355707
4 3.3109983983319646e-27 1.3243993593327859e-26 0.10872627369355707 0.10872627369355707
5 1.0288001608863718e-22 5.144000804431857e-22 0.10872627369355707 0.10872627369355707
6 1.0346302310321869e-19 6.207781386193122e-19 0.10872627369355707 0.10872627369355707
7 1.413757981110565e-17 9.896305867773955e-17 0.10872627369355717 0.10872627369355707
8 5.645349404691566e-16 4.516279523753253e-15 0.10872627369356143 0.10872627369355692
9 9.934810728060581e-15 8.941329655254525e-14 0.10872627369364289 0.10872627369355348
10 9.857849100796446e-14 9.857849100796446e-13 0.10872627369449919 0.1087262736935134
11 6.449754206887336e-13 7.094729627576068e-12 0.10872627370030899 0.10872627369321426
12 3.088185639269763e-12 3.705822767123716e-11 0.10872627372867827 0.10872627369162005
13 1.1629396385946048e-11 1.511821530172986e-10 0.10872627383624975 0.1087262736850676
14 3.626045557162144e-11 5.076463780027002e-10 0.1087262741707565 0.10872627366311013
15 9.720601530093133e-11 1.4580902295139702e-09 0.10872627505870672 0.10872627360061649
16 2.3046386732122832e-10 3.687421877139653e-09 0.10872627713225816 0.10872627344483628
17 4.937899137809926e-10 8.394428534276874e-09 0.108726281491067 0.10872627309663843
18 9.723208676488218e-10 1.7501775617678797e-08 0.10872628988765368 0.10872627238587804
19 1.7830820042143653e-09 3.387855808007294e-08 0.10872630492019997 0.1087262710416419
20 3.0778352017730086e-09 6.155670403546016e-08 0.10872633021548617 0.10872626865878214
21 5.043999844355866e-09 1.0592399673147316e-07 0.10872637058655174 0.108726264662555
22 7.903649583616513e-09 1.7388029083956327e-07 0.10872643215360167 0.10872625827331081
23 1.1910801898073139e-08 2.7394844365568223e-07 0.10872652242150967 0.10872624847306597
24 1.7347354218444143e-08 4.163365012426594e-07 0.10872665031199649 0.10872623397549523
25 2.4518081579033808e-08 6.129520394758452e-07 0.10872682615253164 0.10872621320049221
26 3.374511055688952e-08 8.773728744791273e-07 0.10872706162690218 0.10872618425402769
27 4.5362241677703464e-08 1.224780525297994e-06 0.10872736969416348 0.10872614491363819
28 5.970942588860167e-08 1.671863924880847e-06 0.10872776448346202 0.10872609261953714
29 7.712762509664883e-08 2.2367011278028158e-06 0.10872826117220183 0.10872602447107402
30 9.795421280416657e-08 2.9386263841249976e-06 0.10872887585445672 0.1087259372280726
31 1.225190051177994e-07 3.7980891586517804e-06 0.10872962540561733 0.10872582731645866
32 1.511409581511265e-07 4.836510660836048e-06 0.10873052734818542 0.10872569083752459
33 1.8412552599030726e-07 6.07614235768014e-06 0.10873159972252192 0.10872552358016423
34 2.2176264333008662e-07 7.5399298732229465e-06 0.10873286096530681 0.10872532103543357
35 2.6432527714171227e-07 9.25138469995993e-06 0.1087343297975391 0.10872507841283911
36 3.120684804678911e-07 1.1234465296844077e-05 0.1087360251231144 0.10872479065781755
37 3.6522887677172795e-07 1.3513468440553934e-05 0.10873796593838085 0.10872445246994031
38 4.240245034616492e-07 1.611293113154267e-05 0.10874017125258009 0.10872405832144856
39 4.886549467786956e-07 1.9057542924369132e-05 0.10874266001871769 0.10872360247579331
40 5.593017059464205e-07 2.2372068237856824e-05 0.10874545107415909 0.10872307900592122
41 6.361287313947171e-07 2.6081277987183396e-05 0.10874856309009213 0.10872248181210493
42 7.192830892648593e-07 3.0209889749124084e-05 0.10875201452891743 0.10872180463916832
43 8.088957117762215e-07 3.4782515606377526e-05 0.10875582360860751 0.10872104109300115
44 9.050822000422552e-07 3.982361680185922e-05 0.10876000827309688 0.10872018465629503
45 1.0079436523511198e-06 4.53574643558004e-05 0.10876458616781699 0.10871922870346118
46 1.1175674966588582e-06 5.140810484630748e-05 0.1087695746195632 0.10871816651471691
47 1.2340283110347862e-06 5.799933061863495e-05 0.10877499061996261 0.10871699128934395
48 1.35738862005476e-06 6.515465376262847e-05 0.10878085081190055 0.10871569615813789
49 1.487699658694805e-06 7.289728327604543e-05 0.1087871714783527 0.10871427419507666
50 1.6250020981929612e-06 8.125010490964805e-05 0.10879396853315348 0.10871271842824386
51 1.76932673068865e-06 9.023566326512114e-05 0.10880125751331182 0.1087110218500467
52 1.92069511128832e-06 9.987614578699263e-05 0.10880905357255752 0.10870917742677053
53 2.079120157614853e-06 0.00011019336835358722 0.10881737147586608 0.10870717810751249
54 2.244606707943611e-06 0.00012120876222895501 0.10882622559476562 0.10870501683253667
55 2.417152039771992e-06 0.00013294336218745955 0.10883562990327829 0.10870268654109083
56 2.5967463511680845e-06 0.00014541779566541271 0.10884559797438902 0.1087001801787236
57 2.783373207545516e-06 0.0001586522728300944 0.10885614297696788 0.10869749070413778
58 2.9770099566588893e-06 0.00017266657748621556 0.10886727767309905 0.10869461109561285
59 3.177628114642642e-06 0.00018748005876391587 0.10887901441579133 0.10869153435702739
60 3.3851937258559016e-06 0.00020311162355135412 0.10889136514706013 0.10868825352350879
61 3.59966769917185e-06 0.00021957972964948283 0.10890434139638427 0.1086847616667348
62 3.821006123182281e-06 0.00023690237963730146 0.10891795427954727 0.10868105189990995
63 4.0491605625927435e-06 0.00025509711544334285 0.10893221449787949 0.10867711738243616
64 4.284078337873461e-06 0.0002741810136239015 0.1089471323379192 0.1086729513242953
65 4.5257027900162096e-06 0.00029417068135105366 0.10896271767151108 0.10866854699016004
66 4.773973532034631e-06 0.00031508225311428566 0.10897897995636086 0.10866389770324655
67 5.02882668864082e-06 0.00033693138813893495 0.10899592823706053 0.10865899684892158
68 5.290195125337982e-06 0.00035973326852298276 0.10901357114659846 0.10865383787807548
69 5.558008667990149e-06 0.0003835025980913203 0.10903191690836216 0.10864841431027084
70 5.832194313766873e-06 0.0004082536019636811 0.10905097333863967 0.10864271973667597
71 6.112676434214062e-06 0.0004340000268291984 0.10907074784962063 0.10863674782279142
72 6.39937697107192e-06 0.0004607551419171784 0.10909124745289436 0.10863049231097717
73 6.6922156253464885e-06 0.0004885317406502936 0.10911247876343758 0.10862394702278728
74 6.991110040042616e-06 0.0005173421429631535 0.10913444800408194 0.10861710586111877
75 7.295975976881289e-06 0.0005471981982660967 0.10915716101044692 0.1086099628121808
76 7.606727487253237e-06 0.0005781112890312461 0.10918062323632127 0.10860251194729001
77 7.923277077601238e-06 0.0006100923349752955 0.1092048397594729 0.1085947474244976
78 8.245535869375406e-06 0.0006431517978112816 0.10922981528786528 0.108586663490054
79 8.573413753667008e-06 0.0006772996865396937 0.1092555541662557 0.108578254479716
80 8.906819540596406e-06 0.0007125455632477126 0.10928206038314978 0.10856951481990204
81 9.245661103507923e-06 0.0007488985493841418 0.10930933757808477 0.10856043902870063
82 9.589845518008292e-06 0.00078636733247668 0.10933738904921383 0.10855102171673714
83 9.93927919587468e-06 0.0008249601732575986 0.10936621776116182 0.1085412575879042
84 1.0293868013851895e-05 0.0008646849131635591 0.10939582635312435 0.10853114143996079
85 1.065351743735613e-05 0.0009055489821752711 0.10942621714718004 0.10852066816500476
86 1.1018132639103416e-05 0.000947559406962894 0.1094573921567876 0.10850983274982469
87 1.138761861268365e-05 0.0009907228193034776 0.10948935309543861 0.10849863027613518
88 1.1761880281106846e-05 0.0010350454647374023 0.1095221013854388 0.1084870559207014
89 1.2140822600354043e-05 0.0010805332114315097 0.109555638166789 0.10847510495535748
90 1.2524350657973294e-05 0.0011271915592175965 0.10958996430614135 0.10846277274692376
91 1.2912369766769e-05 0.001175025648775979 0.10962508040580395 0.10845005475702799
92 1.3304785553641557e-05 0.0012240402709350234 0.10966098681277028 0.10843694654183526
93 1.3701504043642709e-05 0.0012742398760587721 0.10969768362775041 0.10842344375169163
94 1.4102431739320689e-05 0.0013256285834961448 0.10973517071418173 0.10840954213068557
95 1.4507475695437244e-05 0.0013782101910665384 0.10977344770719961 0.10839523751613309
96 1.4916543589146514e-05 0.0014319881845580652 0.10981251402254791 0.10838052583798981
97 1.5329543785733194e-05 0.0014869657472161197 0.10985236886541164 0.10836540311819551
98 1.574638540001381e-05 0.0015431457692013533 0.10989301123915611 0.10834986546995477
99 1.616697835351126e-05 0.001600530856997615 0.10993443995395627 0.10833390909695861
100 1.6591233427518083e-05 0.001659123342751808 0.1099766536353028 0.108317530292551
101 1.7019062312168606e-05 0.0017189252935290295 0.110019650732373 0.10830072543884399
102 1.7450377651644027e-05 0.0017799385204676909 0.11006342952625381 0.10828349100578612
103 1.788509308563813e-05 0.0018421645878207277 0.11010798813800807 0.10826582355018735
104 1.8323123287213457e-05 0.0019056048218701993 0.11015332453657438 0.10824771971470418
105 1.8764383997180155e-05 0.0019702603197039163 0.11019943654649292 0.108229176226789
106 1.9208792055131e-05 0.002036131957843886 0.11024632185545025 0.10821018989760636
107 1.9656265427266632e-05 0.0021032204007175297 0.11029397802163768 0.10819075762092015
108 2.0106723231145498e-05 0.002171526108963714 0.110342402480918 0.10817087637195429
109 2.0560085757492636e-05 0.0022410493475666974 0.11039159255379696 0.10815054320623027
110 2.1016274489200568e-05 0.0023117901938120625 0.11044154545219634 0.10812975525838427
111 2.1475212117654415e-05 0.00238374854505964 0.11049225828602618 0.10810850974096653
112 2.1936822556511786e-05 0.00245692412632932 0.11054372806955519 0.10808680394322587
113 2.2401030953065924e-05 0.0025313164976964496 0.11059595172757788 0.10806463522988141
114 2.286776369731829e-05 0.0026069250614942844 0.11064892610137869 0.1080420010398844
115 2.3336948428884458e-05 0.0026837490693217133 0.11070264795449333 0.10801889888517165
116 2.3808514041853964e-05 0.0027617876288550595 0.11075711397826853 0.10799532634941347
117 2.4282390687722085e-05 0.0028410397104634832 0.1108123207972211 0.10797128108675762
118 2.475850977650815e-05 0.002921504153627961 0.110868264974199 0.10794676082057104
119 2.523680397617171e-05 0.0030031796731644334 0.11092494301534603 0.10792176334218159
120 2.5717207210434383e-05 0.0030860648652521264 0.1109823513748732 0.10789628650962109
121 2.6199654655111602e-05 0.0031701582132685037 0.11104048645963963 0.1078703282463711
122 2.6684082733054898e-05 0.0032554580934326975 0.11109934463354625 0.10784388654011356
123 2.7170429107801855e-05 0.003341962780259629 0.11115892222174606 0.10781695944148643
124 2.7658632676026615e-05 0.0034296704518272996 0.11121921551467435 0.10778954506284706
125 2.8148633558880796e-05 0.0035185791948601 0.11128022077190311 0.107761641577043
126 2.8640373092310525e-05 0.003608687009631126 0.11134193422582357 0.10773324721619248
127 2.913379381643163e-05 0.0036999918146868164 0.11140435208516157 0.10770436027047472
128 2.9628839464041515e-05 0.003792491451397314 0.11146747053832887 0.10767497908693155
129 3.0125454948342745e-05 0.003886183688336213 0.11153128575661694 0.10764510206828073
130 3.062358634994937e-05 0.003981066225493418 0.11159579389723535 0.10761472767174193
131 3.112318090324398e-05 0.0040771366983249615 0.11166099110620123 0.10758385440787628
132 3.1624186982150115e-05 0.004174392681643815 0.11172687352108321 0.10755248083943943
133 3.2126554085380703e-05 0.004272831693355633 0.11179343727360516 0.10752060558024949
134 3.263023282122075e-05 0.004372451198043582 0.11186067849211352 0.10748822729406993
135 3.313517489189901e-05 0.004473248610406366 0.1119285933039138 0.10745534469350741
136 3.3641333077599964e-05 0.004575221298553595 0.11199717783747984 0.10742195653892628
137 3.4148661220165175e-05 0.004678366587162629 0.11206642822454087 0.10738806163737821
138 3.4657114206529816e-05 0.004782681760501114 0.11213634060205051 0.10735365884154942
139 3.5166647951937305e-05 0.004888164065319286 0.11220691111404268 0.10731874704872339
140 3.567721938297261e-05 0.004994810713616164 0.11227813591337754 0.10728332519976139
141 3.6188786420452223e-05 0.005102618885283762 0.11235001116338325 0.1072473922780995
142 3.6701307962206083e-05 0.005211585730633264 0.11242253303939631 0.10721094730876304
143 3.7214743865784724e-05 0.005321708372807216 0.11249569773020547 0.10717398935739827
144 3.772905493112232e-05 0.005432983910081614 0.11256950143940281 0.10713651752932118
145 3.8244202883184504e-05 0.005545409418061753 0.11264394038664563 0.10709853096858386
146 3.876015035462775e-05 0.00565898195177565 0.11271901080883391 0.10706002885705823
147 3.927686086849454e-05 0.005773698547668698 0.11279470896120554 0.10702101041353684
148 3.979429882096782e-05 0.005889556225503237 0.11287103111835448 0.10698147489285123
149 4.031242946420535e-05 0.006006551990166598 0.1129479735751739 0.1069414215850073
150 4.083121888927361e-05 0.006124682833391041 0.11302553264772905 0.10690084981433798
151 4.135063400919886e-05 0.006243945735389028 0.11310370467406179 0.10685975893867275
152 4.1870642542152044e-05 0.006364337666407112 0.11318248601493115 0.10681814834852402
153 4.239121299478188e-05 0.006485855588201627 0.11326187305449212 0.10677601746629047
154 4.291231464571014e-05 0.006608496455439361 0.11334186220091613 0.10673336574547676
155 4.343391752920115e-05 0.006732257217026178 0.1134224498869559 0.10669019266992974
156 4.3955992419016556e-05 0.006857134817366585 0.11350363257045752 0.10664649775309096
157 4.4478510812465314e-05 0.006983126197557056 0.11358540673482209 0.10660228053726503
158 4.500144491465775e-05 0.007110228296515924 0.11366776888942005 0.10655754059290412
159 4.5524767622971636e-05 0.007238438052052489 0.11375071556996037 0.10651227751790786
160 4.604845251173687e-05 0.007367752401877902 0.11383424333881662 0.10646649093693872
161 4.65724738171454e-05 0.007498168284560408 0.11391834878531311 0.10642018050075268
162 4.709680642239074e-05 0.007629682640427302 0.11400302852597215 0.10637334588554484
163 4.7621425843042425e-05 0.007762292412415915 0.11408827920472556 0.10632598679230965
164 4.814630821265841e-05 0.007895994546875978 0.11417409749309179 0.1062781029462158
165 4.867143026863894e-05 0.008030785994325426 0.11426048009032086 0.10622969409599543
166 4.919676933832393e-05 0.008166663710161772 0.11434742372350878 0.10618076001334706
167 4.972230332533602e-05 0.008303624655331115 0.11443492514768372 0.1061313004923526
168 5.024801069617043e-05 0.00844166579695663 0.1145229811458645 0.10608131534890786
169 5.077387046703234e-05 0.008580784108928466 0.11461158852909467 0.10603080442016619
170 5.129986219092257e-05 0.008720976572456835 0.11470074413645212 0.1059797675639953
171 5.182596594497078e-05 0.008862240176590003 0.11479044483503667 0.10592820465844663
172 5.235216231801639e-05 0.00900457191869882 0.11488068751993671 0.10587611560123786
173 5.2878432398435956e-05 0.009147968804929421 0.11497146911417636 0.10582350030924692
174 5.3404757762216004e-05 0.009292427850625583 0.1150627865686441 0.10577035871801851
175 5.3931120461269895e-05 0.00943794608072223 0.1151546368620048 0.10571669078128257
176 5.445750301199685e-05 0.009584520530111443 0.11524701700059523 0.1056624964704838
177 5.498388838408114e-05 0.009732148243982363 0.1153399240183054 0.10560777577432305
178 5.551025998952946e-05 0.009880826278136245 0.11543335497644554 0.1055525286983093
179 5.603660167194367e-05 0.010030551699277915 0.11552730696360092 0.105496755264323
180 5.6562897696026656e-05 0.0101813215852848 0.1156217770954742 0.10544045551018941
181 5.708913273731834e-05 0.01033313302545462 0.11571676251471763 0.10538362948926298
182 5.7615291872158885e-05 0.010485983120732916 0.11581226039075421 0.10532627727002128
183 5.814136056787619e-05 0.010639868983921342 0.11590826791959061 0.10526839893566928
184 5.866732467319439e-05 0.010794787739867768 0.11600478232362091 0.10520999458375313
185 5.9193170408860106e-05 0.01095073652563912 0.11610180085142259 0.10515106432578347
186 5.971888435848311e-05 0.01110771249067786 0.11619932077754587 0.10509160828686803
187 6.024445345958804e-05 0.011265712796942964 0.11629733940229614 0.10503162660535317
188 6.0769864994873526e-05 0.011424734619036219 0.11639585405151076 0.10497111943247453
189 6.129510658367517e-05 0.011584775144314606 0.11649486207633049 0.10491008693201591
190 6.182016617362926e-05 0.011745831572989559 0.11659436085296657 0.10484852927997701
191 6.234503203253269e-05 0.011907901118213745 0.1166943477824629 0.10478644666424915
192 6.286969274039659e-05 0.012070981006156145 0.11679482029045515 0.104723839284299
193 6.339413718168894e-05 0.012235068476065964 0.11689577582692648 0.1046607073508605
194 6.391835453776332e-05 0.012400160780326082 0.11699721186596002 0.10459705108563393
195 6.444233427946963e-05 0.012566255184496578 0.1170991259054895 0.1045328707209929
196 6.496606615994342e-05 0.012733348967348911 0.11720151546704735 0.10446816649969845
197 6.548954020757023e-05 0.012901439420891333 0.11730437809551161 0.10440293867462028
198 6.601274671912081e-05 0.01307052385038592 0.11740771135885084 0.10433718750846491
199 6.65356762530545e-05 0.013240599574357841 0.11751151284786858 0.10427091327351075
200 6.705831962298626e-05 0.013411663924597254 0.11761578017594683 0.10420411625134958
201 6.758066789131466e-05 0.013583714246154246 0.11772051097878893 0.10413679673263468
202 6.810271236300652e-05 0.013756747897327313 0.11782570291416243 0.10406895501683511
203 6.862444457953554e-05 0.013930762249645715 0.11793135366164198 0.10400059141199627
204 6.914585631297085e-05 0.014105754687846053 0.11803746092235227 0.10393170623450625
205 6.966693956021238e-05 0.014281722609843537 0.11814402241871169 0.10386229980886816
206 7.018768653736966e-05 0.01445866342669815 0.11825103589417636 0.10379237246747822
207 7.070808967428098e-05 0.014636574562576162 0.11835849911298532 0.10372192455040914
208 7.122814160916896e-05 0.014815453454707144 0.11846640985990639 0.10365095640519925
209 7.174783518343054e-05 0.014995297553336983 0.11857476593998355 0.10357946838664656
210 7.22671634365568e-05 0.015176104321676931 0.11868356517828518 0.10350746085660825
211 7.278611960118086e-05 0.015357871235849163 0.11879280541965417 0.10343493418380505
212 7.330469709824984e-05 0.015540595784828967 0.11890248452845942 0.10336188874363043
213 7.382288953231852e-05 0.015724275470383842 0.11901260038834871 0.10328832491796487
214 7.434069068696121e-05 0.015908907807009702 0.11912315090200391 0.10321424309499423
215 7.485809452029989e-05 0.016094490321864476 0.11923413399089773 0.10313964366903328
216 7.53750951606444e-05 0.01628102055469919 0.11934554759505234 0.10306452704035314
217 7.589168690224336e-05 0.01646849605778681 0.11945738967280015 0.10298889361501336
218 7.64078642011422e-05 0.016656914395848994 0.11956965820054696 0.10291274380469798
219 7.692362167114579e-05 0.01684627314598093 0.11968235117253667 0.10283607802655574
220 7.743895407988348e-05 0.017036569897574363 0.1197954666006188 0.10275889670304443
221 7.79538563449735e-05 0.017227802252239143 0.11990900251401795 0.10268120026177882
222 7.846832353028466e-05 0.017419967823723195 0.12002295695910588 0.10260298913538266
223 7.898235084229234e-05 0.01761306423783119 0.1201373279991754 0.10252426376134423
224 7.949593362652734e-05 0.01780708913234212 0.12025211371421762 0.1024450245818755
225 8.000906736411408e-05 0.018002040156925667 0.12036731220070054 0.10236527204377485
226 8.052174766839694e-05 0.01819791497305771 0.12048292157135083 0.10228500659829314
227 8.103397028165185e-05 0.01839471125393497 0.12059893995493809 0.10220422870100314
228 8.154573107188121e-05 0.01859242668438892 0.1207153654960611 0.10212293881167223
229 8.205702602969e-05 0.018791058960799006 0.12083219635493718 0.10204113739413818
230 8.256785126524102e-05 0.018990605791005435 0.12094943070719366 0.10195882491618821
231 8.30782030052871e-05 0.01919106489422132 0.12106706674366212 0.10187600184944079
232 8.358807759027867e-05 0.01939243400094465 0.12118510267017521 0.10179266866923056
233 8.40974714715442e-05 0.019594710852869797 0.1213035367073658 0.101708825854496
234 8.460638120854219e-05 0.01979789320279887 0.12142236709046894 0.10162447388767004
235 8.511480346618257e-05 0.020001978814552908 0.12154159206912611 0.1015396132545732
236 8.562273501221579e-05 0.020206965462882927 0.12166120990719227 0.10145424444430935
237 8.613017271468773e-05 0.020412850933380994 0.12178121888254537 0.10136836794916435
238 8.663711353945922e-05 0.0206196330223913 0.12190161728689822 0.10128198426450692
239 8.714355454778775e-05 0.020827309536921277 0.12202240342561325 0.10119509388869194
240 8.764949289397038e-05 0.021035878294552886 0.12214357561751932 0.1011076973229664
241 8.815492582304602e-05 0.02124533712335409 0.12226513219473148 0.10101979507137737
242 8.865985066855564e-05 0.02145568386179046 0.12238707150247294 0.10093138764068248
243 8.916426485035858e-05 0.021666916358637135 0.12250939189889956 0.10084247554026242
244 8.96681658725043e-05 0.02187903247289105 0.12263209175492693 0.10075305928203589
245 9.01715513211571e-05 0.022092030073683495 0.12275516945405965 0.10066313938037615
246 9.067441886257328e-05 0.022305907040193022 0.12287862339222319 0.10057271635203018
247 9.117676624112886e-05 0.022520661261558828 0.12300245197759829 0.10048179071603947
248 9.167859127739709e-05 0.022736290636794478 0.12312665363045731 0.10039036299366286
249 9.217989186627366e-05 0.02295279307470214 0.12325122678300342 0.10029843370830127
250 9.268066597514928e-05 0.023170166493787323 0.12337616987921174 0.10020600338542443
251 9.31809116421278e-05 0.023388408822174078 0.12350148137467312 0.10011307255249904
252 9.368062697428881e-05 0.023607517997520776 0.12362715973643996 0.10001964173891917
253 9.417981014599369e-05 0.0238274919669364 0.1237532034428744 0.099925711475938
254 9.467845939723406e-05 0.024048328686897456 0.12387961098349884 0.09983128229660139
255 9.517657303202112e-05 0.024270026123165388 0.12400638085884844 0.09973635473568306
256 9.567414941681547e-05 0.02449258225070476 0.12413351158032612 0.09964092932962135
257 9.617118697899565e-05 0.02471599505360188 0.12426100167005949 0.09954500661645763
258 9.6667684205365e-05 0.024940262524984165 0.12438884966076011 0.09944858713577595
259 9.716363964069564e-05 0.025165382666940166 0.12451705409558471 0.09935167142864453
260 9.765905188630826e-05 0.025391353490440145 0.12464561352799855 0.09925426003755841
261 9.815391959868765e-05 0.025618173015257466 0.12477452652164107 0.09915635350638359
262 9.864824148813204e-05 0.025845839269890584 0.12490379165019319 0.0990579523803026
263 9.914201631743623e-05 0.026074350291485728 0.125033407497247 0.09895905720576129
264 9.963524290060704e-05 0.026303704125760254 0.12516337265617725 0.09885966853041699
265 0.00010012792010161053 0.026533898826926795 0.1252936857300148 0.098759786903088
266 0.00010062004683315055 0.026764932457618046 0.12542434533132213 0.09865941287370411
267 0.00010111162205547663 0.02699680308881226 0.1255553500820709 0.09855854699325861
268 0.000101602644775222 0.027229508799759494 0.1256866986135207 0.0984571898137612
269 0.00010209311404426988 0.027463047677908598 0.1258183895661008 0.09835534188819224
270 0.0001025830289586475 0.027697417818834814 0.12595042158929284 0.09825300377045802
271 0.00010307238865744772 0.02793261732616833 0.12608279334151556 0.09815017601534726
272 0.00010356119232177669 0.028168644311523255 0.12621550349001168 0.0980468591784884
273 0.00010404943917372764 0.028405496894427652 0.12634855071073592 0.09794305381630827
274 0.00010453712847537963 0.02864317320225402 0.1264819336882455 0.09783876048599148
275 0.000105024259527821 0.028881671370150776 0.12661565111559178 0.09773397974544101
276 0.00010551083167019628 0.02912098954097416 0.1267497016942138 0.09762871215323961
277 0.00010599684427877708 0.029361125865221254 0.12688408413383354 0.09752295826861226
278 0.00010648229676605509 0.029602078500963313 0.12701879715235284 0.09741671865138954
279 0.0001069671885798574 0.02984384561378021 0.12715383947575193 0.09730999386197173
280 0.00010745151920248344 0.030086425376695362 0.12728920983798928 0.09720278446129392
281 0.00010793528814986289 0.030329815970111466 0.12742490698090364 0.0970950910107922
282 0.00010841849497073407 0.03057401558174701 0.12756092965411708 0.09698691407237006
283 0.00010890113924584233 0.030819022406573367 0.1276972766149397 0.09687825420836634
284 0.00010938322058715781 0.031064834646752814 0.12783394662827613 0.09676911198152331
285 0.00010986473863711251 0.03131145051157708 0.12797093846653324 0.09665948795495613
286 0.00011034569306785543 0.03155886821740665 0.12810825090952913 0.09654938269212249
287 0.00011082608358052592 0.031807085987610936 0.12824588274440435 0.09643879675679343
288 0.00011130590990454493 0.032056102052508945 0.12838383276553356 0.09632773071302461
289 0.00011178517179692285 0.03230591464931071 0.12852209977443924 0.0962161851251285
290 0.0001122638690415845 0.032556522022059504 0.12866068257970648 0.09610416055764698
291 0.00011274200144871041 0.03280792242157474 0.12879957999689956 0.09599165757532481
292 0.00011321956885409369 0.03306011410539535 0.1289387908484791 0.09587867674308374
293 0.00011369657111851269 0.03331309533772422 0.12907831396372144 0.09576521862599721
294 0.00011417300812711874 0.03356686438937291 0.1292181481786385 0.09565128378926559
295 0.00011464887978883853 0.03382141953770736 0.12935829233589957 0.0955368727981922
296 0.00011512418603579098 0.03407675906659413 0.12949874528475389 0.09542198621815975
297 0.00011559892682271803 0.03433288126634725 0.1296395058809548 0.09530662461460754
298 0.00011607310212642919 0.0345897844336759 0.12978057298668486 0.09519078855300897
299 0.00011654671194525936 0.034847466871632544 0.12992194547048244 0.09507447859884986
300 0.00011701975629853977 0.03510592688956193 0.1300636222071691 0.0949576953176072
301 0.00011749223522608144 0.03536516280305051 0.13020560207777876 0.09484043927472825
302 0.00011796414878767105 0.03562517293387666 0.1303478839694872 0.09472271103561056
303 0.00011843549706257925 0.03588595560996151 0.13049046677554355 0.09460451116558202
304 0.00011890628014907998 0.036147509165320314 0.13063334939520205 0.09448584022988174
305 0.00011937649816398202 0.03640983194001451 0.13077653073365575 0.09436669879364126
306 0.00011984615124217123 0.036672922280104395 0.13092000970197062 0.0942470874218662
307 0.00012031523953616417 0.0369367785376024 0.1310637852170209 0.0941270066794185
308 0.00012078376321567193 0.03720139907042695 0.13120785620142583 0.0940064571309989
309 0.00012125172246717461 0.037466782242356944 0.13135222158348697 0.09388543934113
310 0.00012171911749350587 0.03773292642298682 0.1314968802971266 0.09376395387413979
311 0.00012218594851344752 0.03799982998768218 0.13164183128182746 0.0936420012941453
312 0.00012265221576133345 0.03826749131753603 0.1317870734825731 0.09351958216503709
313 0.0001231179194866632 0.038535908799325586 0.13193260584978922 0.09339669705046363
314 0.00012358305995372493 0.03880508082546963 0.1320784273392863 0.09327334651381666
315 0.00012404763744122666 0.03907500579398641 0.13222453691220262 0.09314953111821622
316 0.0001245116522419372 0.03934568210845216 0.1323709335349488 0.09302525142649662
317 0.00012497510466233464 0.039617108177960075 0.13251761617915264 0.09290050800119258
318 0.0001254379950222641 0.03988928241707997 0.1326645838216056 0.09277530140452558
319 0.00012590032365460268 0.04016220324581825 0.13281183544420896 0.09264963219839073
320 0.00012636209090493325 0.04043586908957863 0.1329593700339225 0.09252350094434385
321 0.00012682329713122523 0.04071027837912329 0.1331071865827123 0.09239690820358902
322 0.00012728394270352327 0.04098542955053449 0.1332552840875007 0.0922698545369662
323 0.00012774402800364343 0.04126132104517684 0.13340366155011635 0.0921423405049395
324 0.00012820355342487607 0.04153795130965986 0.13355231797724518 0.09201436666758533
325 0.0001286625193716963 0.04181531879580128 0.1337012523803826 0.09188593358458132
326 0.00012912092625948064 0.04209342196059069 0.13385046377578577 0.09175704181519509
327 0.00012957877451423135 0.04237225926615366 0.13399995118442715 0.0916276919182735
328 0.00013003606457230612 0.042651829179716404 0.13414971363194866 0.09149788445223228
329 0.00013049279688015486 0.04293213017357095 0.13429975014861667 0.09136761997504574
330 0.00013094897189406247 0.04321316072504061 0.13445005976927732 0.09123689904423674
331 0.0001314045900798978 0.04349491931644618 0.13460064153331325 0.09110572221686707
332 0.00013185965191286835 0.04377740443507229 0.13475149448460028 0.09097409004952799
333 0.00013231415787728066 0.04406061457313446 0.1349026176714654 0.09084200309833095
334 0.00013276810846630675 0.04434454822774646 0.13505401014664511 0.09070946191889866
335 0.00013322150418175577 0.04462920390088819 0.13520567096724448 0.09057646706635629
336 0.0001336743455338508 0.04491458009937385 0.1353575991946969 0.09044301909532303
337 0.00013412663304101117 0.045200675334820764 0.13550979389472442 0.09030911855990366
338 0.0001345783672296402 0.04548748812361839 0.135662254137299 0.09017476601368059
339 0.0001350295486339172 0.04577501698689794 0.13581497899660383 0.0900399620097059
340 0.00013548017779559476 0.04606326045050222 0.1359679675509959 0.08990470710049371
341 0.0001359302552638009 0.04635221704495611 0.13612121888296874 0.08976900183801263
342 0.00013637978159484557 0.04664188530543718 0.13627473207911575 0.08963284677367857
343 0.0001368287573520318 0.04693226377174691 0.13642850623009453 0.08949624245834763
344 0.00013727718310547153 0.047223350988282196 0.13658254043059134 0.08935918944230915
345 0.0001377250594319051 0.047515145504007254 0.13673683377928636 0.0892216882752791
346 0.00013817238691452575 0.047807645872425905 0.13689138537881926 0.08908373950639335
347 0.00013861916614280753 0.048100850651554214 0.13704619433575577 0.08894534368420154
348 0.00013906539771233768 0.048394758403893526 0.13720125976055425 0.08880650135666071
349 0.00013951108222465302 0.0486893676964039 0.13735658076753327 0.08866721307112935
350 0.00013995622028707927 0.048984677100477735 0.1375121564748392 0.08852747937436145
351 0.00014040081251257542 0.04928068519191397 0.13766798600441485 0.08838730081250089
352 0.00014084485951958083 0.049577390550892456 0.13782406848196832 0.08824667793107585
353 0.00014128836193186604 0.049874791761948714 0.13798040303694206 0.08810561127499336
354 0.00014173132037838734 0.05017288741394911 0.1381369888024832 0.08796410138853408
355 0.0001421737354931443 0.05047167610006624 0.13829382491541348 0.08782214881534722
356 0.00014261560791504132 0.050771156417754704 0.13845091051620018 0.08767975409844547
357 0.0001430569382877512 0.05107132696872717 0.13860824474892747 0.08753691778020026
358 0.0001434977272595835 0.051372186358930885 0.1387658267612679 0.08739364040233698
359 0.00014393797548335432 0.0516737331985242 0.1389236557044547 0.0872499225059305
360 0.00014437768361626034 0.05197596610185371 0.1390817307332543 0.08710576463140061
361 0.00014481685231975498 0.052278883687431554 0.13924005100593936 0.08696116731850781
362 0.00014525548225942814 0.05258248457791298 0.1393986156842621 0.08681613110634909
363 0.00014569357410488805 0.052886767400074364 0.13955742393342813 0.08667065653335375
364 0.00014613112852964618 0.053191730784791225 0.1397164749220708 0.08652474413727959
365 0.00014656814621100508 0.053497373367016834 0.1398757678222258 0.08637839445520896
366 0.00014700462782994797 0.05380369378576096 0.14003530180930604 0.0862316080235451
367 0.00014744057407103218 0.05411069068406882 0.1401950760620772 0.0860843853780084
368 0.00014787598562228377 0.054418362709000426 0.14035508976263342 0.085936727053633
369 0.00014831086317509528 0.05472670851161014 0.1405153420963735 0.08578863358476335
370 0.00014874520742412582 0.05503572674692657 0.14067583225197733 0.08564010550505077
371 0.0001491790190672033 0.05534541607393243 0.14083655942138287 0.08549114334745045
372 0.0001496122988052289 0.055655775155545165 0.14099752279976324 0.08534174764421809
373 0.00015004504734208388 0.05596680265859729 0.14115872158550438 0.08519191892690708
374 0.0001504772653845384 0.05627849725381734 0.14132015498018277 0.0850416577263654
375 0.00015090895364216258 0.056590857615810966 0.14148182218854394 0.08489096457273296
376 0.00015134011282723952 0.05690388242304205 0.1416437224184807 0.08473983999543863
377 0.00015177074365468036 0.05721757035781451 0.14180585488101222 0.08458828452319773
378 0.00015220084684194128 0.05753192010625381 0.14196821879026317 0.08443629868400936
379 0.00015263042310894237 0.05784693035828916 0.14213081336344313 0.08428388300515396
380 0.00015305947317798831 0.05816259980763555 0.14229363782082638 0.08413103801319083
381 0.0001534879977736911 0.05847892715177631 0.14245669138573208 0.08397776423395578
382 0.0001539159976228945 0.05879591109194571 0.14261997328450465 0.08382406219255897
383 0.00015434347345459978 0.05911355033311172 0.14278348274649424 0.08366993241338253
384 0.00015477042599989398 0.059431843583959296 0.1429472190040379 0.08351537542007859
385 0.0001551968559918789 0.05975078955687337 0.14311118129244058 0.08336039173556718
386 0.00015562276416560247 0.06007038696792255 0.1432753688499568 0.08320498188203428
387 0.00015604815125799126 0.06039063453684261 0.14343978091777237 0.08304914638092978
388 0.00015647301800778465 0.06071153098702046 0.1436044167399863 0.08289288575296586
389 0.00015689736515547067 0.06103307504547808 0.143769275563593 0.08273620051811494
390 0.00015732119344322276 0.061355265442856875 0.1439343566384651 0.08257909119560822
391 0.0001577445036148388 0.061678100913401965 0.14409965921733583 0.0824215583039339
392 0.00015816729641568086 0.06200158019494689 0.14426518255578238 0.08226360236083549
393 0.00015858957259261652 0.062325702028898276 0.1444309259122088 0.08210522388331051
394 0.0001590113328939617 0.06265046516022091 0.1445968885478297 0.0819464233876088
395 0.00015943257806942437 0.06297586833742262 0.14476306972665387 0.08178720138923123
396 0.0001598533088700503 0.06330191031253993 0.14492946871546816 0.08162755840292826
397 0.00016027352604816898 0.06362858984112307 0.14509608478382172 0.08146749494269864
398 0.0001606932303573416 0.06395590568222197 0.1452629172040102 0.08130701152178824
399 0.00016111242255231024 0.06428385659837178 0.1454299652510605 0.08114610865268872
400 0.0001615311033889473 0.06461244135557893 0.1455972282027153 0.08098478684713642
401 0.00016194927362420732 0.06494165872330712 0.1457647053394184 0.08082304661611128
402 0.00016236693401607867 0.06527150747446364 0.14593239594429944 0.08066088846983581
403 0.00016278408532353756 0.06560198638538563 0.14610029930315957 0.08049831291777396
404 0.0001632007283065019 0.06593309423582674 0.146268414704457 0.08033532046863025
405 0.000163616863725787 0.06626482980894374 0.14643674143929258 0.08017191163034884
406 0.00016403249234306217 0.06659719189128324 0.14660527880139593 0.08000808691011269
407 0.00016444761492080773 0.06693017927276876 0.14677402608711135 0.07984384681434258
408 0.00016486223222227393 0.06726379074668776 0.14694298259538427 0.07967919184869648
409 0.00016527634501143975 0.06759802510967886 0.14711214762774766 0.0795141225180688
410 0.0001656899540529735 0.06793288116171917 0.14728152048830861 0.07934863932658949
411 0.000166103060112194 0.06826835770611175 0.14745110048373536 0.07918274277762363
412 0.00016651566395503207 0.06860445354947323 0.14762088692324377 0.07901643337377058
413 0.0001669277663479941 0.06894116750172156 0.1477908791185851 0.07884971161686352
414 0.00016733936805812515 0.06927849837606381 0.1479610763840327 0.07868257800796888
415 0.0001677504698529737 0.06961644498898409 0.14813147803636978 0.07851503304738572
416 0.00016816107250055694 0.06995500616023169 0.14830208339487702 0.07834707723464536
417 0.00016857117676932683 0.0702941807128093 0.14847289178132014 0.07817871106851086
418 0.00016898078342813684 0.07063396747296119 0.1486439025199379 0.07800993504697669
419 0.00016938989324620952 0.0709743652701618 0.14881511493743 0.07784074966726817
420 0.00016979850699310486 0.07131537293710404 0.1489865283629454 0.07767115542584133
421 0.00017020662543868923 0.07165698930968817 0.14915814212807058 0.07750115281838241
422 0.00017061424935310495 0.07199921322701028 0.14932995556681794 0.07733074233980768
423 0.00017102137950674083 0.07234204353135136 0.1495019680156145 0.07715992448426313
424 0.00017142801667020298 0.07268547906816605 0.14967417881329032 0.07698869974512426
425 0.00017183416161428662 0.07302951868607181 0.14984658730106765 0.07681706861499585
426 0.0001722398151099481 0.0733741612368379 0.15001919282254972 0.07664503158571183
427 0.0001726449779282781 0.07371940557537474 0.1501919947237098 0.07647258914833507
428 0.00017304965084047487 0.07406525055972323 0.15036499235288056 0.07629974179315732
429 0.00017345383461781825 0.07441169505104403 0.1505381850607431 0.07612649000969905
430 0.00017385753003164463 0.07475873791360721 0.15071157220031672 0.07595283428670953
431 0.00017426073785332176 0.07510637801478169 0.15088515312694817 0.0757787751121665
432 0.0001746634588542246 0.07545461422502504 0.1510589271983015 0.07560431297327647
433 0.00017506569380571177 0.07580344541787318 0.15123289377434773 0.07542944835647451
434 0.00017546744347910197 0.07615287046993026 0.15140705221735465 0.0752541817474244
435 0.00017586870864565168 0.07650288826085848 0.15158140189187708 0.0750785136310186
436 0.00017626949007653258 0.0768534976733682 0.15175594216474655 0.07490244449137833
437 0.00017666978854281014 0.07720469759320803 0.15193067240506178 0.07472597481185375
438 0.000177069604815422 0.07755648690915484 0.15210559198417878 0.07454910507502392
439 0.00017746893966515752 0.07790886451300415 0.15228070027570134 0.07437183576269718
440 0.00017786779386263726 0.0782618292995604 0.15245599665547144 0.07419416735591103
441 0.00017826616817829302 0.07861538016662724 0.15263148050155972 0.07401610033493251
442 0.00017866406338234867 0.07896951601499812 0.15280715119425642 0.07383763517925832
443 0.00017906148024480069 0.0793242357484467 0.1529830081160617 0.073658772367615
444 0.00017945841953539974 0.07967953827371749 0.1531590506516768 0.07347951237795933
445 0.00017985488202363245 0.08003542250051644 0.15333527818799478 0.07329985568747834
446 0.00018025086847870358 0.0803918873415018 0.15351169011409155 0.07311980277258977
447 0.00018064637966951844 0.08074893171227474 0.15368828582121707 0.07293935410894234
448 0.00018104141636466587 0.08110655453137032 0.15386506470278627 0.07275851017141596
449 0.0001814359793324017 0.08146475472024836 0.1540420261543705 0.07257727143412214
450 0.00018183006934063196 0.08182353120328438 0.1542191695736887 0.07239563837040432
451 0.00018222368715689732 0.0821828829077607 0.1543964943605989 0.0722136114528382
452 0.0001826168335483573 0.0825428087638575 0.1545739999170896 0.07203119115323212
453 0.0001830095092817745 0.08290330770464385 0.15475168564727135 0.07184837794262748
454 0.00018340171512350054 0.08326437866606926 0.15492955095736838 0.07166517229129914
455 0.00018379345183946037 0.08362602058695444 0.1551075952557102 0.07148157466875574
456 0.00018418472019513836 0.0839882324089831 0.1552858179527234 0.0712975855437403
457 0.00018457552095556447 0.08435101307669296 0.1554642184609235 0.07111320538423052
458 0.00018496585488529996 0.08471436153746739 0.15564279619490679 0.0709284346574394
459 0.00018535572274842432 0.08507827674152676 0.15582155057134225 0.07074327382981546
460 0.00018574512530852188 0.08544275764192008 0.15600048100896363 0.07055772336704354
461 0.00018613406332866882 0.08580780319451634 0.15617958692856143 0.07037178373404507
462 0.00018652253757142095 0.08617341235799647 0.15635886775297514 0.07018545539497867
463 0.00018691054879880066 0.0865395840938447 0.15653832290708541 0.06999873881324067
464 0.0001872980977722855 0.08690631736634048 0.15671795181780618 0.0698116344514657
465 0.00018768518525279584 0.08727361114255006 0.15689775391407715 0.06962414277152709
466 0.0001880718120006834 0.08764146439231849 0.15707772862685612 0.06943626423453764
467 0.0001884579787757201 0.08800987608826127 0.1572578753891113 0.06924799930085
468 0.00018884368633708646 0.08837884520575645 0.15743819363581385 0.06905934843005741
469 0.00018922893544336122 0.08874837072293641 0.1576186828039306 0.06887031208099419
470 0.00018961372685251027 0.08911845162067983 0.15779934233241621 0.06868089071173639
471 0.00018999806132187654 0.08948908688260385 0.15798017166220626 0.06849108477960242
472 0.00019038193960816945 0.08986027549505599 0.15816117023620963 0.06830089474115365
473 0.00019076536246745508 0.09023201644710624 0.15834233749930132 0.06811032105219508
474 0.00019114833065514645 0.0906043087305394 0.15852367289831532 0.06791936416777594
475 0.0001915308449259936 0.09097715133984696 0.15870517588203734 0.0677280245421904
476 0.00019191290603407454 0.09135054327221949 0.15888684590119767 0.0675363026289782
477 0.00019229451473278588 0.09172448352753886 0.15906868240846422 0.06734419888092537
478 0.00019267567177483377 0.09209897110837054 0.15925068485843538 0.06715171375006485
479 0.00019305637791222516 0.09247400501995583 0.15943285270763305 0.06695884768767724
480 0.000193436633896259 0.09284958427020433 0.1596151854144958 0.0667656011442915
481 0.0001938164404775181 0.0932257078696862 0.15979768243937184 0.06657197456968564
482 0.00019419579840586045 0.09360237483162473 0.15998034324451216 0.06637796841288743
483 0.00019457470843041135 0.09397958417188867 0.16016316729406385 0.06618358312217516
484 0.00019495317129955534 0.09435733490898478 0.1603461540540632 0.0659888191450784
485 0.0001953311877609284 0.09473562606405027 0.1605293029924289 0.06579367692837863
486 0.00019570875856141052 0.09511445666084549 0.16071261357895567 0.06559815691811016
487 0.00019608588444711782 0.09549382572574636 0.1608960852853071 0.06540225955956075
488 0.00019646256616339566 0.09587373228773707 0.16107971758500947 0.0652059852972724
489 0.00019683880445481127 0.09625417537840272 0.16126350995344493 0.06500933457504224
490 0.0001972146000651466 0.09663515403192183 0.16144746186784495 0.06481230783592312
491 0.0001975899537373917 0.09701666728505934 0.16163157280728396 0.06461490552222462
492 0.00019796486621373796 0.09739871417715906 0.1618158422526727 0.06441712807551363
493 0.00019833933823557113 0.09778129375013656 0.16200026968675185 0.0642189759366153
494 0.00019871337054346532 0.09816440504847186 0.16218485459408566 0.06402044954561378
495 0.0001990869638771765 0.09854804711920238 0.16236959646105545 0.06382154934185308
496 0.0001994601189756362 0.09893221901191555 0.1625544947758534 0.06362227576393785
497 0.0001998328365769455 0.09931691977874191 0.1627395490284761 0.0634226292497342
498 0.0002002051174183692 0.09970214847434787 0.16292475871071846 0.06322261023637057
499 0.00020057696223632979 0.10008790415592857 0.16311012331616717 0.0630222191602386
500 0.00020094837176640174 0.1004741858832009 0.16329564234019475 0.06282145645699387
501 0.00020131934674330626 0.10086099271839646 0.16348131527995327 0.06262032256155683
502 0.00020168988790090532 0.10124832372625447 0.16366714163436819 0.06241881790811369
503 0.0002020599959721966 0.10163617797401489 0.16385312090413204 0.062216942930117126
504 0.0002024296716893082 0.10202455453141135 0.16403925259169866 0.062014698060287345
505 0.0002027989157834933 0.10241345247066411 0.16422553620127694 0.06181208373061281
506 0.0002031677289851254 0.10280287086647347 0.16441197123882464 0.0616091003723512
507 0.00020353611202369315 0.10319280879601245 0.1645985572120427 0.061405748416030234
508 0.0002039040656277958 0.10358326533892023 0.16478529363036887 0.06120202829144862
509 0.00020427159052513778 0.10397423957729512 0.16497218000497202 0.06099794042767689
510 0.0002046386874425251 0.10436573059568781 0.1651592158487461 0.06079348525305832
511 0.00020500535710585985 0.10475773748109438 0.16534640067630424 0.060588663195209835
512 0.00020537160024013636 0.10515025932294982 0.16553373400397275 0.06038347468102293
513 0.00020573741756943644 0.10554329521312092 0.16572121534978546 0.06017792013666455
514 0.00020610280981692538 0.10593684424589966 0.16590884423347765 0.059971999987578
515 0.00020646777770484768 0.10633090551799655 0.16609662017648041 0.05976571465848387
516 0.0002068323219545229 0.10672547812853383 0.16628454270191487 0.05955906457338104
517 0.00020719644328634178 0.10712056117903868 0.1664726113345861 0.05935205015554744
518 0.000207560142419762 0.10751615377343668 0.16666082560097784 0.05914467182754114
519 0.0002079234200733046 0.1079122550180451 0.16684918502924634 0.05893693001120122
520 0.00020828627696455062 0.10830886402156636 0.16703768914921496 0.05872882512764862
521 0.0002086487138101363 0.10870597989508106 0.16722633749236834 0.05852035759728731
522 0.0002090107313257507 0.10910360175204185 0.16741512959184685 0.058311527839805
523 0.00020937233022613101 0.10950172870826654 0.1676040649824407 0.058102336274174216
524 0.0002097335112250602 0.10990035988193154 0.16779314320058475 0.05789278331865322
525 0.0002100942750353629 0.11029949439356553 0.16798236378435247 0.05768286939078694
526 0.0002104546223689021 0.11069913136604252 0.16817172627345056 0.05747259490740806
527 0.00021081455393657652 0.11109926992457582 0.1683612302092136 0.05726196028463776
528 0.00021117407044831654 0.11149990919671113 0.16855087513459802 0.057050965937886874
529 0.00021153317261308195 0.11190104831232033 0.1687406605941771 0.056839612281856765
530 0.00021189186113885816 0.11230268640359484 0.1689305861341352 0.05662789973054035
531 0.00021225013673265396 0.11270482260503922 0.1691206513022623 0.056415828697223044
532 0.00021260800010049785 0.11310745605346484 0.16931085564794854 0.05620339959448369
533 0.00021296545194743577 0.11351058588798324 0.16950119872217892 0.05599061283419567
534 0.00021332249297752805 0.11391421124999997 0.16969168007752777 0.055777468827527765
535 0.00021367912389384677 0.11431833128320805 0.16988229926815324 0.055563967984945194
536 0.000214035345398473 0.11472294513358154 0.17007305584979218 0.05535011071621062
537 0.00021439115819249445 0.11512805194936952 0.17026394937975461 0.055135897430385106
538 0.00021474656297600228 0.11553365088108924 0.17045497941691834 0.054921328535829116
539 0.00021510156044808945 0.1159397410815202 0.1706461455217238 0.05470640444020356
540 0.00021545615130684769 0.11634632170569777 0.17083744725616845 0.05449112555047072
541 0.00021581033624936538 0.11675339191090668 0.17102888418380197 0.05427549227289528
542 0.0002161641159717251 0.117160950856675 0.17122045586972037 0.05405950501304535
543 0.00021651749116900136 0.11756899770476772 0.17141216188056124 0.053843164175793504
544 0.0002168704625352584 0.11797753161918059 0.17160400178449825 0.05362647016531767
545 0.00021722303076354807 0.11838655176613366 0.17179597515123599 0.05340942338510231
546 0.00021757519654590766 0.11879605731406559 0.1719880815520048 0.053192024237939214
547 0.00021792696057335777 0.1192060474336267 0.17218032055955548 0.052974273125928784
548 0.00021827832353590038 0.11961652129767338 0.1723726917481542 0.0527561704504808
549 0.00021862928612251682 0.12002747808126173 0.1725651946935773 0.05253771661231561
550 0.00021897984902116571 0.12043891696164113 0.1727578289731062 0.05231891201146508
551 0.00021933001291878144 0.1208508371182486 0.17295059416552222 0.05209975704727361
552 0.00021967977850127196 0.12126323773270213 0.17314348985110134 0.05188025211839921
553 0.00022002914645351729 0.12167611798879505 0.1733365156116095 0.05166039762281447
554 0.00022037811745936734 0.12208947707248947 0.1735296710302971 0.051440193957807634
555 0.0002207266922016405 0.12250331417191047 0.17372295569189405 0.05121964151998358
556 0.00022107487136212227 0.12291762847733997 0.17391636918260495 0.05099874070526493
557 0.00022142265562156302 0.12333241918121059 0.1741099110901036 0.050777491908893004
558 0.00022177004565967674 0.12374768547809963 0.17430358100352852 0.050555895525428905
559 0.00022211704215513954 0.12416342656472297 0.17449737851347752 0.05033395194875453
560 0.00022246364578558804 0.12457964163992932 0.1746913032120029 0.05011166157207362
561 0.00022280985722761796 0.12499632990469364 0.17488535469260647 0.04988902478791281
562 0.0002231556771567826 0.12541349056211182 0.17507953255023448 0.04966604198812266
563 0.00022350110624759175 0.12583112281739414 0.17527383638127286 0.04944271356387868
564 0.00022384614517350986 0.12624922587785958 0.17546826578354205 0.049219039905682424
565 0.00022419079460695535 0.12666779895292973 0.17566282035629224 0.04899502140336247
566 0.00022453505521929858 0.12708684125412303 0.17585749970019854 0.048770658446075525
567 0.0002248789276808614 0.12750635199504845 0.17605230341735592 0.04854595142230746
568 0.00022522241266091555 0.1279263303914 0.17624723111127433 0.0483209007198743
569 0.0002255655108276812 0.12834677566095062 0.17644228238687398 0.04809550672592337
570 0.0002259082228483266 0.12876768702354613 0.17663745685048046 0.047869769826934305
571 0.00022625054938896615 0.12918906370109967 0.17683275410981975 0.04764369040872005
572 0.00022659249111466013 0.1296109049175856 0.17702817377401356 0.047417268856428
573 0.00022693404868941286 0.13003320989903358 0.1772237154535746 0.04719050555454103
574 0.00022727522277617244 0.13045597787352298 0.17741937876040148 0.046963400886878504
575 0.0002276160140368293 0.13087920807117687 0.17761516330777424 0.046735955236597376
576 0.00022795642313221554 0.13130289972415615 0.1778110687103494 0.046508168986193255
577 0.00022829645072210375 0.13172705206665386 0.17800709458415528 0.04628004251750143
578 0.0002286360974652065 0.13215166433488937 0.17820324054658734 0.04605157621169796
579 0.00022897536401917523 0.13257673576710244 0.17839950621640316 0.04582277044930072
580 0.0002293142510405995 0.13300226560354772 0.17859589121371816 0.04559362561017044
581 0.00022965275918500634 0.1334282530864887 0.1787923951600005 0.04536414207351183
582 0.00022999088910685933 0.13385469746019216 0.17898901767806677 0.04513432021787461
583 0.00023032864145955805 0.13428159797092232 0.17918575839207684 0.044904160421154506
584 0.00023066601689543698 0.1347089538669352 0.17938261692752963 0.04467366306059442
585 0.00023100301606576563 0.1351367643984729 0.17957959291125833 0.044442828512785464
586 0.00023133963962074694 0.13556502881775773 0.1797766859714257 0.04421165715366799
587 0.0002316758882095175 0.13599374637898676 0.17997389573751948 0.0439801493585327
588 0.00023201176248014652 0.13642291633832618 0.18017122184034784 0.04374830550202166
589 0.00023234726307963532 0.13685253795390523 0.18036866391203465 0.04351612595812944
590 0.00023268239065391688 0.13728261048581095 0.18056622158601504 0.04328361110020411
591 0.0002330171458478553 0.1377131331960825 0.18076389449703084 0.04305076130094838
592 0.00023335152930524546 0.1381441053487053 0.1809616822811259 0.042817576932420574
593 0.00023368554166881226 0.1385755262096057 0.1811595845756415 0.04258405836603581
594 0.0002340191835802106 0.1390073950466451 0.1813576010192121 0.04235020597256699
595 0.00023435245568002462 0.13943971112961462 0.18155573125176055 0.04211602012214591
596 0.00023468535860776742 0.13987247373022937 0.18175397491449366 0.041881501184264286
597 0.00023501789300188082 0.14030568212212285 0.18195233164989777 0.0416466495277749
598 0.0002353500594997351 0.1407393355808416 0.18215080110173418 0.0414114655208926
599 0.00023568185873762835 0.1411734333838394 0.18234938291503477 0.0411759495311954
600 0.00023601329135078652 0.14160797481047188 0.18254807673609746 0.04094010192562558
601 0.0002363443579733629 0.14204295914199114 0.18274688221248184 0.04070392307049068
602 0.0002366750592384383 0.14247838566153986 0.18294579899300456 0.04046741333146468
603 0.00023700539577802029 0.14291425365414623 0.1831448267277352 0.04023057307358896
604 0.00023733536822304331 0.14335056240671815 0.1833439650679916 0.03999340266127348
605 0.00023766497720336863 0.143787311208038 0.18354321366633577 0.03975590245829776
606 0.00023799422334778395 0.14422449934875706 0.18374257217656909 0.03951807282781203
607 0.00023832310728400335 0.14466212612139 0.18394204025372826 0.03927991413233825
608 0.00023865162963866712 0.14510019082030962 0.18414161755408082 0.0390414267337712
609 0.00023897979103734197 0.14553869274174128 0.18434130373512086 0.03880261099337956
610 0.0002393075921045206 0.14597763118375753 0.18454109845556455 0.038563467271807
611 0.00023963503346362177 0.14641700544627292 0.18474100137534616 0.0383239959290732
612 0.00023996211573699047 0.14685681483103818 0.18494101215561315 0.03808419732457499
613 0.00024028883954589766 0.14729705864163528 0.18514113045872263 0.03784407181708736
614 0.00024061520551054037 0.1477377361834718 0.1853413559482364 0.037603619764764604
615 0.00024094121425004183 0.14817884676377574 0.18554168828891704 0.03736284152514132
616 0.00024126686638245137 0.14862038969159005 0.1857421271467236 0.037121737455133544
617 0.00024159216252474472 0.14906236427776748 0.18594267218880722 0.03688030791103978
618 0.00024191710329282372 0.14950476983496505 0.18614332308350717 0.03663855324854211
619 0.00024224168930151693 0.14994760567763896 0.1863440795003462 0.03639647382270725
620 0.00024256592116457922 0.15039087112203914 0.18654494111002676 0.03615406998798761
621 0.00024288979949469257 0.1508345654862041 0.1867459075844265 0.03591134209822239
622 0.00024321332490346553 0.1512786880899556 0.1869469785965942 0.03566829050663865
623 0.000243536498001434 0.15172323825489337 0.18714815382074573 0.03542491556585238
624 0.00024385931939806087 0.15216821530438995 0.18734943293225953 0.035181217627869556
625 0.00024418178970173684 0.1526136185635855 0.18755081560767276 0.03493719704408723
626 0.00024450390951978016 0.15305944735938234 0.18775230152467698 0.03469285416529462
627 0.00024482567945843727 0.15350570102044014 0.18795389036211424 0.03444818934167412
628 0.0002451471001228826 0.15395237887717034 0.18815558179997283 0.03420320292280247
629 0.00024546817211721966 0.15439948026173117 0.1883573755193829 0.033957895257651714
630 0.00024578889604448024 0.15484700450802255 0.18855927120261293 0.03371226669459037
631 0.0002461092725066256 0.15529495095168075 0.18876126853306519 0.03346631758138445
632 0.00024642930210454656 0.15574331893007343 0.18896336719527193 0.03322004826519852
633 0.0002467489854380637 0.15619210778229434 0.1891655668748911 0.03297345909259681
634 0.000247068323105928 0.15664131684915833 0.18936786725870258 0.03272655040954426
635 0.00024738731570582087 0.15709094547319624 0.18957026803460386 0.03247932256140759
636 0.0002477059638343549 0.15754099299864974 0.18977276889160613 0.032231775892956394
637 0.00024802426808707403 0.1579914587714662 0.18997536951983035 0.031983910748364146
638 0.00024834222905845436 0.15844234213929384 0.1901780696105032 0.03173572747120935
639 0.00024865984734190376 0.1588936424514765 0.190380868855953 0.03148722640447654
640 0.00024897712352976335 0.1593453590590485 0.1905837669496059 0.031238407890557394
641 0.00024929405821330733 0.15979749131473003 0.1907867635859818 0.030989272271251776
642 0.00024961065198274366 0.16025003857292144 0.19098985846069022 0.030739819887768798
643 0.0002499269054272146 0.160703000189699 0.1911930512704269 0.030490051080727932
644 0.000250242819134797 0.16115637552280926 0.1913963417129693 0.03023996619015999
645 0.0002505583936925033 0.16161016393166464 0.1915997294871729 0.029989565555508274
646 0.0002508736296862815 0.16206436477733782 0.19180321429296748 0.029738849515629617
647 0.0002511885277010161 0.16251897742255744 0.19200679583135286 0.029487818408795385
648 0.00025150308832052877 0.16297400123170264 0.1922104738043953 0.029236472572692646
649 0.00025181731212757833 0.1634294355707983 0.19241424791522346 0.028984812344425136
650 0.0002521311997038621 0.1638852798075104 0.19261811786802477 0.028732838060514392
651 0.00025244475163001604 0.16434153331114043 0.1928220833680412 0.028480550056900776
652 0.0002527579684856156 0.16479819545262137 0.19302614412156588 0.02822794866894454
653 0.0002530708508491761 0.16525526560451204 0.1932302998359389 0.027975034231426877
654 0.00025338339929815377 0.16571274314099255 0.1934345502195436 0.027721807078551035
655 0.0002536956144089461 0.16617062743785965 0.19363889498180292 0.02746826754394329
656 0.00025400749675689234 0.16662891787252138 0.19384333383317545 0.027214415960654076
657 0.00025431904691627493 0.16708761382399268 0.1940478664851517 0.026960252661159024
658 0.00025463026546031957 0.16754671467289028 0.19425249265025024 0.026705777977359967
659 0.00025494115296119597 0.1680062198014281 0.19445721204201422 0.026450992240586092
660 0.00025525170999001867 0.16846612859341228 0.19466202437500718 0.026195895781594918
661 0.000255561937116848 0.16892644043423652 0.19486692936480993 0.02594048893057337
662 0.00025587183491069057 0.16938715471087715 0.19507192672801604 0.025684772017138868
663 0.0002561814039395001 0.16984827081188858 0.19527701618222887 0.025428745370340324
664 0.00025649064477017817 0.1703097881273983 0.19548219744605752 0.025172409318659227
665 0.00025679955796857504 0.17077170604910238 0.1956874702391131 0.024915764190010715
666 0.00025710814409949035 0.17123402397026058 0.19589283428200516 0.02465881031174456
667 0.0002574164037266741 0.17169674128569168 0.19609828929633796 0.0244015480106463
668 0.0002577243374128275 0.17215985739176878 0.196303835004707 0.024143977612938218
669 0.00025803194571960336 0.17262337168641467 0.1965094711306951 0.02388609944428043
670 0.0002583392292076076 0.17308728356909708 0.196715197398869 0.023627913829771925
671 0.0002586461884363993 0.1735515924408239 0.19692101353477554 0.0233694210939516
672 0.0002589528239644925 0.17401629770413893 0.19712691926493825 0.023110621560799346
673 0.0002592591363493561 0.17448139876311664 0.19733291431685368 0.022851515553737014
674 0.00025956512614741566 0.17494689502335814 0.1975389984189877 0.022592103395629552
675 0.0002598707939140535 0.1754127858919861 0.19774517130077213 0.022332385408785977
676 0.00026017614020361015 0.17587907077764042 0.1979514326926009 0.02207236191496046
677 0.00026048116556938493 0.1763457490904736 0.19815778232582693 0.021812033235353336
678 0.000260785870563637 0.1768128202421459 0.19836421993275805 0.021551399690612188
679 0.00026109025573758644 0.1772802836458212 0.19857074524665402 0.02129046160083282
680 0.00026139432164141486 0.17774813871616207 0.19877735800172247 0.02102921928556038
681 0.0002616980688242667 0.17821638486932562 0.1989840579331159 0.020767673063790303
682 0.0002620014978342498 0.17868502152295837 0.1991908447769278 0.020505823253969453
683 0.00026230460921843675 0.17915404809619234 0.19939771827018937 0.020243670173997065
684 0.00026260740352286577 0.1796234640096402 0.199604678150866 0.019981214141225823
685 0.0002629098812925414 0.1800932686853909 0.1998117241578538 0.01971845547246291
686 0.000263212043071436 0.18056346154700512 0.20001885603097608 0.019455394483970996
687 0.0002635138894024903 0.18103404201951082 0.20022607351098012 0.019192031491469298
688 0.0002638154208276145 0.1815050095293988 0.20043337633953345 0.018928366810134635
689 0.00026411663788768983 0.1819763635046183 0.20064076425922067 0.018664400754602413
690 0.00026441754112256866 0.18244810337457235 0.20084823701354 0.01840013363896765
691 0.00026471813107107635 0.18292022857011372 0.20105579434689974 0.01813556577678605
692 0.0002650184082710117 0.18339273852354007 0.2012634360046151 0.01787069748107501
693 0.0002653183732591486 0.18386563266858996 0.20147116173290458 0.017605529064314614
694 0.00026561802657123644 0.1843389104404381 0.20167897127888684 0.017340060838448714
695 0.00026591736874200195 0.1848125712756913 0.2018868643905772 0.017074293114885907
696 0.0002662164003051493 0.18528661461238394 0.2020948408168845 0.016808226204500575
697 0.00026651512179336233 0.18576103988997356 0.20230290030760747 0.0165418604176339
698 0.0002668135337383046 0.18623584654933664 0.20251104261343156 0.016275196064094936
699 0.0002671116366706212 0.1867110340327642 0.20271926748592567 0.016008233453161498
700 0.00026740943111993947 0.18718660178395763 0.20292757467753897 0.015740972893581347
701 0.00026770691761487047 0.1876625492480242 0.20313596394159728 0.015473414693573068
702 0.0002680040966830097 0.18813887587147277 0.2033444350323 0.015205559160827184
703 0.00026830096885093857 0.1886155811022098 0.20355298770471694 0.014937406602507109
704 0.0002685975346442254 0.18909266438953468 0.2037616217147849 0.01466895732525018
705 0.00026889379458742654 0.1895701251841357 0.20397033681930438 0.014400211635168674
706 0.00026918974920408763 0.19004796293808585 0.20417913277593666 0.014131169837850833
707 0.00026948539901674464 0.1905261771048385 0.2043880093432003 0.013861832238361821
708 0.0002697807445469253 0.19100476713922312 0.20459696628046795 0.01359219914124482
709 0.00027007578631514987 0.1914837324974413 0.2048060033479632 0.013322270850521945
710 0.0002703705248409327 0.1919630726370622 0.20501512030675753 0.013052047669695315
711 0.00027066496064278314 0.19244278701701883 0.20522431691876686 0.012781529901748048
712 0.000270959094238207 0.1929228750976034 0.20543359294674862 0.012510717849145214
713 0.0002712529261437075 0.19340333634046347 0.20564294815429843 0.012239611813834933
714 0.00027154645687478687 0.19388417020859777 0.20585238230584707 0.011968212097249267
715 0.0002718396869459469 0.19436537616635202 0.20606189516665735 0.011696519000305314
716 0.0002721326168706909 0.19484695367941468 0.20627148650282087 0.011424532823406164
717 0.0002724252471615245 0.19532890221481308 0.20648115608125495 0.0111522538664419
718 0.000272717578329957 0.19581122124090916 0.20669090366969972 0.01087968242879057
719 0.0002730096108865026 0.19629391022739542 0.2069007290367147 0.010606818809319268
720 0.00027330134534068166 0.19677696864529082 0.20711063195167587 0.010333663306385018
721 0.00027359278220102196 0.19726039596693684 0.20732061218477268 0.010060216217835835
722 0.00027388392197506004 0.19774419166599333 0.20753066950700502 0.00978647784101173
723 0.00027417476516934213 0.19822835521743437 0.20774080369018 0.009512448472745617
724 0.0002744653122894259 0.1987128860975444 0.20795101450690884 0.00923812840936443
725 0.0002747555638398817 0.1991977837839142 0.20816130173060418 0.008963517946689967
726 0.000275045520324293 0.19968304775543677 0.20837166513547672 0.008688617380039999
727 0.0002753351822452591 0.2001686774923034 0.20858210449653258 0.008413427004229188
728 0.0002756245501043952 0.20065467247599975 0.20879261958956988 0.00813794711357009
729 0.0002759136244023345 0.20114103218930185 0.209003210191176 0.00786217800187412
730 0.00027620240563872874 0.20162775611627198 0.2092138760787246 0.007586119962452581
731 0.00027649089431225034 0.202114843742255 0.20942461703037257 0.007309773288117605
732 0.0002767790909205931 0.20260229455387413 0.20963543282505723 0.0070331382711831345
733 0.00027706699596047394 0.20309010803902736 0.20984632324249328 0.0067562152034659016
734 0.0002773546099276338 0.20357828368688322 0.21005728806316956 0.006479004376286424
735 0.0002776419333168394 0.204066820987877 0.21026832706834692 0.006201506080469938
736 0.0002779289666218844 0.20455571943370693 0.2104794400400544 0.00592372060634745
737 0.00027821571033559054 0.20504497851733022 0.21069062676108685 0.0056456482437566066
738 0.00027850216494980926 0.20553459773295932 0.21090188701500204 0.005367289282042751
739 0.00027878833095542325 0.20602457657605777 0.21111322058611762 0.005088644010059843
740 0.00027907420884234693 0.2065149145433367 0.21132462725950818 0.0048097127161714544
741 0.00027935979909952886 0.20700561113275087 0.2115361068210026 0.004530495688251724
742 0.00027964510221495256 0.20749666584349477 0.21174765905718113 0.004250993213686321
743 0.00027993011867563796 0.20798807817599899 0.2119592837553724 0.00397120557937338
744 0.0002802148489676426 0.20847984763192612 0.21217098070365065 0.0036911330717245817
745 0.00028049929357606355 0.20897197371416731 0.21238274969083332 0.0034107759766659465
746 0.00028078345298503804 0.20946445592683838 0.2125945905064773 0.0031301345796389208
747 0.00028106732767774553 0.2099572937752759 0.21280650294087722 0.002849209165601295
748 0.0002813509181364087 0.21045048676603365 0.21301848678506174 0.0025680000190281055
749 0.00028163422484229486 0.21094403440687884 0.2132305418307916 0.002286507423912714
750 0.0002819172482757177 0.21143793620678833 0.21344266787055596 0.002004731663767658
751 0.00028219998891603816 0.21193219167594468 0.2136548646975703 0.0017226730216256328
752 0.00028248244724166625 0.21242680032573302 0.21386713210577352 0.0014403317800404756
753 0.0002827646237300623 0.21292176166873694 0.214079469889825 0.0011577082210880447
754 0.0002830465188577385 0.21341707521873485 0.21429187784510212 0.0008748026263672431
755 0.00028332813310026004 0.21391274049069633 0.21450435576769727 0.0005916152770009335
756 0.0002836094669322467 0.21440875700077858 0.21471690345441546 0.0003081464536368865
757 0.0002838905208273747 0.2149051242663226 0.21492952070277135 2.439643644872036e-05
758 0.00028417129525837694 0.2154018418058497 0.21514220731098654 -0.0002596344948631639
759 0.00028445179069704594 0.21589890913905788 0.21535496307798724 -0.0005439460610706069
760 0.0002847320076142341 0.21639632578681794 0.21556778780340116 -0.0008285379834167648
761 0.00028501194647985586 0.21689409127117026 0.21578068128755507 -0.0011134099836152198
762 0.00028529160776288854 0.21739220511532106 0.2159936433314721 -0.0013985617838489603
763 0.00028557099193137446 0.21789066684363875 0.21620667373686925 -0.001683993106769492
764 0.0002858500994524218 0.21838947598165026 0.21641977230615433 -0.0019697036754959193
765 0.0002861289307922063 0.21888863205603784 0.21663293884242382 -0.0022556932136139326
766 0.00028640748641597274 0.21938813459463513 0.21684617314946011 -0.002541961445174994
767 0.00028668576678803645 0.21988798312642394 0.2170594750317286 -0.002828508094695319
768 0.0002869637723717844 0.22038817718153042 0.2172728442943755 -0.0031153328871549703
769 0.00028724150362967733 0.22088871629122186 0.21748628074322496 -0.0034024355479969444
770 0.0002875189610232506 0.22138959998790292 0.2176997841847767 -0.0036898158031262347
771 0.0002877961450131157 0.2218908278051122 0.21791335442620338 -0.003977473378908882
772 0.0002880730560589624 0.22239239927751897 0.21812699127534785 -0.004265408002171126
773 0.0002883496946195593 0.22289431394091933 0.21834069454072091 -0.004553619400198411
774 0.00028862606115275587 0.22339657133223306 0.2185544640314986 -0.004842107300734457
775 0.00028890215611548394 0.22389917098950005 0.2187682995575196 -0.005130871431980444
776 0.00028917797996375874 0.22440211245187677 0.21898220092928283 -0.005419911522593954
777 0.00028945353315268103 0.22490539525963316 0.21919616795794497 -0.005709227301688183
778 0.000289728816136438 0.22540901895414872 0.21941020045531784 -0.005998818498830936
779 0.000290003829368305 0.22591298307790955 0.21962429823386578 -0.006288684844043778
780 0.00029027857330064723 0.22641728717450485 0.21983846110670383 -0.006578826067801047
781 0.0002905530483849209 0.22692193078862316 0.22005268888759413 -0.006869241901029064
782 0.0002908272550716748 0.22742691346604968 0.22026698139094464 -0.007159932075105052
783 0.00029110119381055207 0.22793223475366226 0.22048133843180576 -0.007450896321856448
784 0.0002913748650502913 0.22843789419942834 0.2206957598258686 -0.007742134373559797
785 0.00029164826923872814 0.22894389135240165 0.22091024538946172 -0.008033645962939939
786 0.0002919214068227974 0.22945022576271873 0.22112479493954956 -0.008325430823169142
787 0.00029219427824853344 0.22995689698159577 0.22133940829372967 -0.008617488687866113
788 0.00029246688396107243 0.23046390456132512 0.22155408527022993 -0.00890981929109515
789 0.000292739224404654 0.23097124805527197 0.22176882568790673 -0.009202422367365268
790 0.00029301130002262223 0.2314789270178716 0.22198362936624233 -0.009495297651629264
791 0.0002932831112574275 0.23198694100462514 0.2221984961253424 -0.009788444879282815
792 0.0002935546585506277 0.23249528957209717 0.2224134257859336 -0.010081863786163598
793 0.0002938259423428903 0.23300397227791209 0.22262841816936163 -0.010375554108550431
794 0.0002940969630739933 0.23351298868075068 0.22284347309758834 -0.010669515583162332
795 0.00029436772118282686 0.23402233834034739 0.2230585903931897 -0.010963747947157654
796 0.0002946382171073952 0.2345320208174866 0.22327376987935335 -0.011258250938133239
797 0.00029490845128481776 0.23504203567399967 0.22348901137987628 -0.011553024294123408
798 0.00029517842415133076 0.23555238247276197 0.22370431471916272 -0.011848067753599246
799 0.00029544813614228876 0.2360630607776888 0.22391967972222115 -0.012143381055467566
800 0.00029571758769216655 0.23657407015373325 0.22413510621466304 -0.012438963939070138
801 0.00029598677923455983 0.23708541016688237 0.22435059402269966 -0.012734816144182754
802 0.00029625571120218757 0.23759708038415445 0.2245661429731401 -0.013030937411014359
803 0.0002965243840268933 0.2381090803735953 0.22478175289338914 -0.013327327480206163
804 0.00029679279813964643 0.23862140970427567 0.22499742361144487 -0.013623986092830827
805 0.0002970609539705438 0.23913406794628783 0.22521315495589636 -0.013920912990391516
806 0.0002973288519488118 0.23964705467074232 0.22542894675592132 -0.014218107914821055
807 0.0002975964925028069 0.24016036944976515 0.2256447988412841 -0.014515570608481066
808 0.0002978638760600182 0.24067401185649467 0.22586071104233357 -0.014813300814161084
809 0.000298131003047068 0.241187981465078 0.22607668319000035 -0.015111298275077711
810 0.00029839787388971444 0.2417022778506687 0.22629271511579502 -0.015409562734873756
811 0.00029866448901285216 0.24221690058942308 0.22650880665180573 -0.015708093937617323
812 0.00029893084884051387 0.2427318492584972 0.22672495763069628 -0.01600689162780098
813 0.0002991969537958725 0.24324712343604435 0.22694116788570345 -0.01630595555034092
814 0.00029946280430124254 0.24376272270121135 0.2271574372506353 -0.016605285450576088
815 0.00029972840077808094 0.24427864663413595 0.2273737655598687 -0.016904881074267245
816 0.0002999937436469895 0.24479489481594338 0.22759015264834712 -0.017204742167596262
817 0.00030025883332771594 0.24531146682874394 0.22780659835157874 -0.017504868477165158
818 0.0003005236702391557 0.24582836225562935 0.22802310250563407 -0.01780525974999527
819 0.00030078825479935324 0.2463455806806703 0.22823966494714387 -0.01810591573352641
820 0.00030105258742550375 0.24686312168891308 0.22845628551329708 -0.018406836175615976
821 0.0003013166685339548 0.24738098486637689 0.2286729640418387 -0.01870802082453818
822 0.00030158049854020735 0.24789916980005042 0.22888970037106732 -0.01900946942898317
823 0.0003018440778589181 0.24841767607788962 0.2291064943398335 -0.019311181738056106
824 0.0003021074069039005 0.24893650328881406 0.22932334578753757 -0.019613157501276433
825 0.0003023704860881264 0.2494556510227043 0.22954025455412733 -0.01991539646857698
826 0.0003026333158237277 0.24997511887039908 0.22975722048009595 -0.020217898390303156
827 0.0003028958965219977 0.2504949064236921 0.22997424340648012 -0.02052066301721201
828 0.00030315822859339306 0.25101501327532943 0.23019132317485794 -0.020823690100471533
829 0.00030342031244753474 0.25153543901900627 0.23040845962734657 -0.021126979391659726
830 0.0003036821484932101 0.2520561832493643 0.23062565260660056 -0.021430530642763797
831 0.0003039437371383741 0.2525772455619889 0.2308429019558096 -0.021734343606179325
832 0.00030420507879015126 0.2530986255534059 0.2310602075186965 -0.022038418034709423
833 0.0003044661738548367 0.25362032282107905 0.23127756913951508 -0.022342753681563937
834 0.000304727022737898 0.254142336963407 0.2314949866630484 -0.02264735030035856
835 0.00030498762584397685 0.2546646675797207 0.23171245993460654 -0.02295220764511407
836 0.0003052479835768901 0.2551873142702802 0.23192998880002458 -0.023257325470255472
837 0.0003055080963396318 0.2557102766362718 0.23214757310566067 -0.023562703530611115
838 0.000305767964534375 0.2562335542798062 0.2323652126983941 -0.023868341581412055
839 0.0003060275885624722 0.25675714680391415 0.2325829074256232 -0.024174239378291017
840 0.0003062869688244583 0.25728105381254485 0.2328006571352633 -0.024480396677281652
841 0.0003065461057200508 0.25780527491056277 0.23301846167574497 -0.024786813234817812
842 0.0003068049996481528 0.25832980970374464 0.23323632089601204 -0.02509348880773261
843 0.00030706365100685313 0.25885465779877714 0.23345423464551945 -0.025400423153257662
844 0.00030732206019342865 0.2593798188032538 0.2336722027742315 -0.025707616029022273
845 0.000307580227604346 0.2599052923256724 0.23389022513261976 -0.02601506719305264
846 0.00030783815363526256 0.26043107797543213 0.23410830157166118 -0.026322776403770964
847 0.00030809583868102836 0.26095717536283103 0.23432643194283626 -0.026630743419994784
848 0.00030835328313568756 0.2614835840990631 0.23454461609812705 -0.026938968000936
849 0.0003086104873924802 0.2620103037962157 0.23476285389001544 -0.027247449906200212
850 0.0003088674518438431 0.26253733406726665 0.23498114517148078 -0.027556188895785833
851 0.00030912417688141227 0.26306467452608184 0.23519948979599853 -0.027865184730083314
852 0.00030938066289602393 0.2635923247874124 0.23541788761753799 -0.028174437169874354
853 0.000309636910277716 0.26412028446689173 0.2356363384905607 -0.02848394597633106
854 0.00030989291941573005 0.2646485531810335 0.23585484227001827 -0.028793710911015236
855 0.0003101486906985127 0.26517713054722825 0.23607339881135087 -0.029103731735877464
856 0.0003104042245137167 0.26570601618374146 0.23629200797048502 -0.029414008213256404
857 0.00031065952124820326 0.26623520970971015 0.2365106696038322 -0.029724540105877988
858 0.000310914581288043 0.2667647107451409 0.2367293835682863 -0.030035327176854604
859 0.0003111694050185179 0.26729451891090683 0.23694814972122255 -0.0303463691896843
860 0.00031142399282412225 0.26782463382874516 0.23716696792049513 -0.03065766590825002
861 0.000311678345088565 0.2683550551212545 0.23738583802443566 -0.030969217096818824
862 0.0003119324621947709 0.26888578241189254 0.2376047598918515 -0.03128102252004109
863 0.00031218634452488166 0.26941681532497286 0.23782373338202317 -0.031593081942949686
864 0.00031243999246025826 0.26994815348566303 0.23804275835470384 -0.03190539513095928
865 0.0003126934063814818 0.2704797965199817 0.23826183467011627 -0.03221796184986549
866 0.00031294658666835564 0.27101174405479594 0.23848096218895182 -0.032530781865844134
867 0.0003131995336999064 0.27154399571781884 0.2387001407723684 -0.03284385494545044
868 0.00031345224785438587 0.2720765511376069 0.23891937028198867 -0.03315718085561827
869 0.00031370472950927253 0.27260940994355776 0.23913865057989842 -0.033470759363659355
870 0.0003139569790412727 0.2731425717659072 0.23935798152864476 -0.03378459023726252
871 0.0003142089968263226 0.273676036235727 0.23957736299123406 -0.034098673244492915
872 0.0003144607832395895 0.2742098029849221 0.2397967948311308 -0.03441300815379125
873 0.0003147123386554737 0.27474387164622854 0.2400162769122555 -0.03472759473397298
874 0.0003149636634476092 0.2752782418532104 0.24023580909898282 -0.03504243275422762
875 0.00031521475798886636 0.2758129132402581 0.24045539125614016 -0.03535752198411793
876 0.0003154656226513527 0.27634788544258493 0.24067502324900586 -0.03567286219357911
877 0.00031571625780641436 0.2768831580962254 0.24089470494330728 -0.03598845315291816
878 0.0003159666638246382 0.2774187308380323 0.24111443620521938 -0.036304294632813
879 0.0003162168410758529 0.27795460330567473 0.24133421690136295 -0.03662038640431177
880 0.0003164667899291305 0.2784907751376348 0.24155404689880283 -0.03693672823883205
881 0.00031671651075278824 0.27902724597320644 0.24177392606504627 -0.03725331990816016
882 0.0003169660039143895 0.27956401545249154 0.24199385426804124 -0.03757016118445029
883 0.00031721526978074606 0.28010108321639876 0.2422138313761749 -0.03788725184022388
884 0.00031746430871791906 0.2806384489066404 0.24243385725827168 -0.038204591648368744
885 0.0003177131210912208 0.2811761121657304 0.24265393178359193 -0.038522180382138414
886 0.0003179617072652162 0.28171407263698156 0.24287405482183014 -0.03884001781515143
887 0.0003182100676037241 0.2822523299645033 0.2430942262431129 -0.03915810372139038
888 0.00031845820246981926 0.2827908837931995 0.2433144459179981 -0.03947643787520141
889 0.00031870611222583337 0.2833297337687659 0.24353471371747254 -0.03979502005129332
890 0.00031895379723335704 0.28386887953768775 0.24375502951295086 -0.0401138500247369
891 0.00031920125785324084 0.28440832074723754 0.24397539317627343 -0.040432927570964165
892 0.00031944849444559705 0.2849480570454726 0.24419580457970502 -0.040752252465767566
893 0.0003196955073698015 0.28548808808123266 0.24441626359593333 -0.04107182448529932
894 0.0003199422969844941 0.28602841350413777 0.24463677009806703 -0.04139164340607067
895 0.00032018886364758173 0.2865690329645857 0.24485732395963455 -0.04171170900495111
896 0.00032043520771623857 0.28710994611374974 0.24507792505458204 -0.04203202105916769
897 0.00032068132954690817 0.28765115260357665 0.24529857325727233 -0.042352579346304285
898 0.00032092722949530485 0.2881926520867837 0.245519268442483 -0.04267338364430077
899 0.00032117290791641517 0.2887344442168573 0.24574001048540484 -0.042994433731452446
900 0.00032141836516449957 0.28927652864804965 0.24596079926164038 -0.04331572938640928
901 0.0003216636015930935 0.2898189050353773 0.24618163464720233 -0.04363727038817497
902 0.0003219086175550096 0.2903615730346186 0.24640251651851205 -0.04395905651610658
903 0.0003221534134023383 0.2909045323023115 0.24662344475239806 -0.04428108754991348
904 0.0003223979894864501 0.2914477824957509 0.24684441922609404 -0.044603363269656846
905 0.0003226423461579967 0.291991323272987 0.24706543981723814 -0.04492588345574886
906 0.0003228864837669126 0.2925351542928228 0.24728650640387081 -0.04524864788895197
907 0.00032313040266241635 0.2930792752148117 0.24750761886443348 -0.045571656350378235
908 0.00032337410319301264 0.2936236856992555 0.24772877707776703 -0.0458949086214885
909 0.000323617585706493 0.29416838540720225 0.24794998092311027 -0.04621840448409189
910 0.0003238608505499379 0.2947133740004435 0.2481712302800987 -0.046542143720344806
911 0.0003241038980697179 0.2952586511415129 0.2483925250287624 -0.046866126112750525
912 0.0003243467286114952 0.2958042164936836 0.2486138650495254 -0.04719035144415825
913 0.00032458934252022547 0.29635006972096584 0.24883525022320327 -0.047514819497762525
914 0.00032483174014015867 0.29689621048810505 0.2490566804310026 -0.047839530057102446
915 0.00032507392181484114 0.29744263846057967 0.24927815555451854 -0.04816448290606112
916 0.0003253158878871168 0.2979893533045989 0.24949967547573432 -0.04848967782886468
917 0.00032555763869912855 0.2985363546871008 0.24972124007701896 -0.048815114610081915
918 0.00032579917459232 0.29908364227574974 0.24994284924112636 -0.049140793034623334
919 0.0003260404959074365 0.29963121573893414 0.2501645028511936 -0.04946671288774053
920 0.0003262816029845275 0.30017907474576533 0.25038620079073975 -0.04979287395502553
921 0.00032652249616294676 0.300727218966074 0.25060794294366395 -0.05011927602241003
922 0.00032676317578135496 0.3012756480704093 0.25082972919424457 -0.050445918876164765
923 0.00032700364217772053 0.3018243617300361 0.2510515594271373 -0.050772802302898754
924 0.0003272438956893212 0.30237335961693285 0.2512734335273742 -0.051099926089558635
925 0.00032748393665274576 0.3029226414037898 0.25149535138036183 -0.05142729002342802
926 0.0003277237654038949 0.30347220676400666 0.25171731287188 -0.05175489389212671
927 0.00032796338227798365 0.3040220553716908 0.2519393178880807 -0.05208273748361012
928 0.00032820278760954175 0.3045721869016548 0.25216136631548625 -0.05241082058616849
929 0.0003284419817324158 0.3051226010294143 0.252383458040988 -0.0527391429884263
930 0.0003286809649797707 0.30567329743118676 0.25260559295184526 -0.053067704479341504
931 0.0003289197376840907 0.3062242757838885 0.25282777093568354 -0.05339650484820485
932 0.00032915830017718115 0.3067755357651328 0.2530499918804935 -0.05372554388463928
933 0.0003293966527901697 0.3073270770532283 0.2532722556746292 -0.054054821378599203
934 0.00032963479585350846 0.3078788993271769 0.2534945622068071 -0.05438433712036976
935 0.0003298727296969742 0.30843100226667086 0.25371691136610464 -0.05471409090056626
936 0.000330110454649671 0.3089833855520921 0.25393930304195866 -0.05504408251013343
937 0.0003303479710400312 0.30953604886450925 0.25416173712416446 -0.05537431174034483
938 0.0003305852791958164 0.31008899188567574 0.2543842135028739 -0.05570477838280199
939 0.00033082237944411977 0.31064221429802846 0.2546067320685944 -0.056035482229433976
940 0.00033105927211136683 0.3111957157846848 0.25482929271218824 -0.05636642307249656
941 0.0003312959575233171 0.31174949602944146 0.25505189532486977 -0.0566976007045716
942 0.00033153243600506554 0.31230355471677174 0.2552745397982053 -0.05702901491856647
943 0.00033176870788104406 0.31285789153182453 0.2554972260241114 -0.05736066550771316
944 0.00033200477347502275 0.3134125061604215 0.2557199538948536 -0.057692552265567895
945 0.0003322406331101113 0.31396739828905523 0.255942723303045 -0.05802467498601026
946 0.00033247628710876087 0.31452256760488784 0.25616553414164517 -0.058357033463242634
947 0.0003327117357927648 0.31507801379574835 0.2563883863039587 -0.058689627491789575
948 0.00033294697948326065 0.31563373655013105 0.25661127968363406 -0.05902245686649702
949 0.000333182018500731 0.31618973555719376 0.256834214174662 -0.05935552138253175
950 0.0003334168531650058 0.3167460105067555 0.25705718967137475 -0.059688820835380754
951 0.00033365148379526266 0.31730256108929483 0.2572802060684444 -0.060022355020850425
952 0.0003338859107100292 0.3178593869959478 0.2575032632608817 -0.06035612373506612
953 0.00033412013422718376 0.3184164879185062 0.2577263611440349 -0.06069012677447129
954 0.00033435415466395745 0.31897386354941537 0.2579494996135884 -0.06102436393582705
955 0.00033458797233693494 0.3195315135817728 0.25817267856556153 -0.06135883501621129
956 0.0003348215875620561 0.32008943770932563 0.25839589789630735 -0.0616935398130183
957 0.0003350550006546178 0.32064763562646925 0.25861915750251135 -0.0620284781239579
958 0.00033528821192927463 0.32120610702824515 0.2588424572811902 -0.0623636497470549
959 0.00033552122170004073 0.3217648516103391 0.2590657971296906 -0.06269905448064847
960 0.0003357540302802909 0.3223238690690794 0.25928917694568787 -0.06303469212339148
961 0.0003359866379827627 0.3228831591014349 0.2595125966271851 -0.06337056247424981
962 0.00033621904511955643 0.3234427214050133 0.2597360560725116 -0.06370666533250179
963 0.0003364512520021382 0.32400255567805913 0.2599595551803216 -0.06404300049773752
964 0.00033668325894134005 0.32456266161945185 0.26018309384959354 -0.06437956776985829
965 0.000336915066247362 0.32512303892870437 0.26040667197962847 -0.06471636694907582
966 0.000337146674229773 0.32568368730596065 0.26063028947004885 -0.06505339783591181
967 0.00033737808319751257 0.3262446064519946 0.2608539462207975 -0.06539066023119715
968 0.0003376092934588925 0.326805796068208 0.2610776421321366 -0.06572815393607138
969 0.0003378403053215973 0.32736725585662774 0.2613013771046456 -0.06606587875198204
970 0.00033807111909268646 0.32792898551990585 0.26152515103922186 -0.06640383448068403
971 0.0003383017350785955 0.32849098476131616 0.26174896383707713 -0.066742020924239
972 0.0003385321535851372 0.3290532532847533 0.26197281539973855 -0.06708043788501478
973 0.000338762374917503 0.32961579079473047 0.26219670562904585 -0.0674190851656846
974 0.0003389923993802648 0.3301785969963779 0.26242063442715136 -0.06775796256922662
975 0.00033922222727737577 0.3307416715954413 0.2626446016965181 -0.06809706989892325
976 0.0003394518589121717 0.3313050142982795 0.26286860733991896 -0.06843640695836059
977 0.00033968129458737293 0.33186862481186336 0.2630926512604356 -0.06877597355142773
978 0.0003399105346050851 0.33243250284377324 0.2633167333614571 -0.06911576948231617
979 0.00034013957926680097 0.3329966481021981 0.2635408535466789 -0.06945579455551924
980 0.0003403684288734013 0.33356106029593324 0.26376501172010186 -0.06979604857583141
981 0.00034059708372515663 0.33412573913437865 0.26398920778603086 -0.07013653134834774
982 0.0003408255441217284 0.3346906843275373 0.2642134416490739 -0.07047724267846332
983 0.00034105381036217023 0.3352558955860133 0.2644377132141408 -0.07081818237187251
984 0.0003412818827449295 0.33582137262101064 0.26466202238644215 -0.07115935023456846
985 0.00034150976156784854 0.33638711514433084 0.2648863690714883 -0.07150074607284243
986 0.00034173744712816576 0.3369531228683714 0.26511075317508814 -0.07184236969328331
987 0.0003419649397225175 0.3375193955061248 0.265335174603348 -0.07218422090277679
988 0.00034219223964693896 0.3380859327711757 0.2655596332626707 -0.07252629950850502
989 0.00034241934719686577 0.33865273437770016 0.26578412905975435 -0.07286860531794585
990 0.0003426462626671346 0.3392198000404633 0.26600866190159106 -0.07321113813887221
991 0.0003428729863519859 0.33978712947481804 0.2662332316954664 -0.07355389777935165
992 0.00034309951854506385 0.3403547223967033 0.26645783834895775 -0.07389688404774558
993 0.0003433258595394184 0.34092257852264246 0.26668248176993353 -0.07424009675270887
994 0.00034355200962750616 0.34149069756974115 0.2669071618665521 -0.07458353570318903
995 0.0003437779691011925 0.34205907925568657 0.2671318785472607 -0.07492720070842575
996 0.00034400373825175173 0.34262772329874475 0.2673566317207944 -0.07527109157795038
997 0.00034422931736986936 0.34319662941775975 0.2675814212961747 -0.07561520812158512
998 0.0003444547067456431 0.34376579733215173 0.26780624718270907 -0.07595955014944265
999 0.0003446799066685837 0.3443352267619152 0.2680311092899897 -0.07630411747192548
