Temperature Entropy
1 3.680054390581747e-69 3.680054390581747e-69 0.10466344702903933 0.10466344702903933
2 1.2211650378964193e-36 2.4423300757928385e-36 0.10466344702903933 0.10466344702903933
3 7.209864074934839e-26 2.1629592224804515e-25 0.10466344702903933 0.10466344702903933
4 1.614144758025796e-20 6.456579032103184e-20 0.10466344702903933 0.10466344702903933
5 2.5737199213097274e-17 1.2868599606548638e-16 0.10466344702903946 0.10466344702903933
6 3.3466007773544897e-15 2.0079604664126935e-14 0.10466344702905865 0.10466344702903858
7 1.0595585214239615e-13 7.416909649967731e-13 0.10466344702974824 0.10466344702900655
8 1.39154045849406e-12 1.113232366795248e-11 0.10466344703961274 0.1046634470284804
9 1.0185919021551902e-11 9.167327119396713e-11 0.10466344711556741 0.10466344702389413
10 4.959789639671838e-11 4.959789639671839e-10 0.10466344749428617 0.10466344699830721
11 1.797569170841591e-10 1.97732608792575e-09 0.1046634488724665 0.10466344689514041
12 5.22567921785506e-10 6.270815061426073e-09 0.10466345283966337 0.10466344656884831
13 1.2831450720658189e-09 1.6680885936855645e-08 0.10466346239270304 0.10466344571181711
14 2.761098665929369e-09 3.865538132301116e-08 0.10466348241986183 0.1046634437644805
15 5.3489317497806e-09 8.023397624670901e-08 0.10466352005453318 0.10466343982055694
16 9.518966015492661e-09 1.5230345624788257e-07 0.10466358484333416 0.10466343253987791
17 1.5802682547494407e-08 2.686456033074049e-07 0.10466368872405934 0.10466342007845603
18 2.476692964873916e-08 4.458047336773049e-07 0.10466384584586733 0.10466340004113366
19 3.699074366025836e-08 7.028241295449088e-07 0.10466407228211054 0.10466336945798099
20 5.304529206684384e-08 1.0609058413368766e-06 0.1046643856883084 0.10466332478246705
21 7.347820819141996e-08 1.5430423720198194e-06 0.10466480494992365 0.10466326190755161
22 9.880260691032517e-08 2.1736573520271545e-06 0.10466534985244615 0.1046631761950941
23 1.2949042230499208e-07 2.9782797130148183e-06 0.10466604079375014 0.1046630625140371
24 1.6596935736202135e-07 3.9832645766885115e-06 0.1046668985479559 0.10466291528337919
25 2.0862260876982294e-07 5.215565219245573e-06 0.10466794408195876 0.10466272851673951
26 2.5779054917706373e-07 6.702554278603656e-06 0.10466919842043308 0.10466249586615448
27 3.137736507588492e-07 8.47188857048893e-06 0.1046706825520875 0.10466221066351701
28 3.7683607100303203e-07 1.0551409988084897e-05 0.10467241736870712 0.10466186595871906
29 4.472094640007352e-07 1.296907445602132e-05 0.1046744236285208 0.10466145455406477
30 5.250967107317093e-07 1.575290132195128e-05 0.10467672193621429 0.10466096903489232
31 6.106753714858672e-07 1.8930936516061884e-05 0.10467933273310798 0.10466040179659192
32 7.041007501595927e-07 2.2531224005106966e-05 0.10468227629236432 0.10465974506835922
33 8.055085246934541e-07 2.6581781314883985e-05 0.10468557271541473 0.10465899093409985
34 9.15016943156345e-07 3.1110576067315735e-05 0.10468924192698921 0.1046581313509219
35 1.03272861440727e-06 3.614550150425446e-05 0.10469330366714273 0.10465715816563846
36 1.1587319393941754e-06 4.1714349818190305e-05 0.10469777747948167 0.10465606312966348
37 1.2931022371696576e-06 4.7844782775277334e-05 0.10470268269540868 0.1046548379126334
38 1.435902621320273e-06 5.4564299610170374e-05 0.10470803841464266 0.1046534741150325
39 1.587184679896163e-06 6.190020251595035e-05 0.1047138634825599 0.10465196328004395
40 1.746989006767825e-06 6.9879560270713e-05 0.10472017646506997 0.10465029690479925
41 1.915345625865871e-06 7.85291706605007e-05 0.10472699562181335 0.10464846645115285
42 2.0922743428534803e-06 8.787552239984617e-05 0.1047343388784713 0.10464646335607146
43 2.277785052026349e-06 9.794475723713303e-05 0.10474222379893325 0.1046442790416961
44 2.471878019996947e-06 0.00010876263287986566 0.10475066755799042 0.10464190492511055
45 2.6745441622004917e-06 0.00012035448729902212 0.10475968691512962 0.10463933242783058
46 2.8857653235451572e-06 0.00013274520488307722 0.10476929818989864 0.10463655298501555
47 3.1055145706250856e-06 0.00014595918481937904 0.10477951723921347 0.1046335580543941
48 3.3337564997779375e-06 0.000160020311989341 0.1047903594368791 0.10463033912488975
49 3.5704475628256734e-06 0.000174951930578458 0.10480183965550834 0.10462688772492987
50 3.815536410499808e-06 0.00019077682052499038 0.10481397225094485 0.10462319543041988
51 4.06896425222881e-06 0.00020751717686366922 0.10482677104922931 0.10461925387236565
52 4.330665230065741e-06 0.00022519459196341854 0.10484024933609253 0.10461505474412912
53 4.600566803976642e-06 0.00024383004061076212 0.10485441984891437 0.10461058980830362
54 4.87859014542041e-06 0.00026344386785270217 0.10486929477105258 0.10460585090319988
55 5.16465053606551e-06 0.00028405577948360295 0.10488488572841898 0.1046008299489354
56 5.458657768554507e-06 0.00030568483503905236 0.10490120378816296 0.10459551895312394
57 5.760516546398838e-06 0.00032834944314473377 0.10491825945930908 0.10458991001616437
58 6.070126880328842e-06 0.00035206735905907275 0.10493606269519035 0.10458399533613132
59 6.38738447870854e-06 0.00037685568424380387 0.1049546228975158 0.10457776721327201
60 6.712181129930142e-06 0.00040273086779580853 0.10497394892191268 0.10457121805411687
61 7.044405075012466e-06 0.00042970870957576045 0.10499404908478789 0.10456434037521214
62 7.383941368929535e-06 0.0004578043648736311 0.10501493117135936 0.10455712680648574
63 7.730672229481245e-06 0.00048703235045731837 0.10503660244471491 0.10454957009425765
64 8.08447737278301e-06 0.0005174065518581127 0.1050590696557664 0.10454166310390832
65 8.445234334691074e-06 0.0005489402317549198 0.1050823390539733 0.10453339882221839
66 8.812818777694958e-06 0.0005816460393278671 0.10510641639872219 0.10452477035939432
67 9.18710478299666e-06 0.0006155360204607758 0.10513130697125522 0.10451577095079444
68 9.567965127659391e-06 0.0006506216286808388 0.10515701558705116 0.10450639395837032
69 9.955271546847712e-06 0.000686913736732492 0.10518354660857128 0.10449663287183877
70 1.0348894981297971e-05 0.0007244226486908581 0.10521090395828954 0.10448648130959867
71 1.0748705810254637e-05 0.0007631581125280794 0.10523909113193565 0.10447593301940758
72 1.1154574070186651e-05 0.0008031293330534388 0.10526811121188641 0.10446498187883299
73 1.156636965966044e-05 0.000844344985155212 0.1052979668806465 0.1044536218954913
74 1.1983962530794728e-05 0.00088681322727881 0.10532866043436782 0.104441847207089
75 1.2407222867758103e-05 0.0009305417150818577 0.1053601937963607 0.10442965208127886
76 1.2836021252796564e-05 0.0009755376152125387 0.10539256853055619 0.10441703091534364
77 1.3270228820294579e-05 0.0010218076191626827 0.10542578585488288 0.1044039782357202
78 1.3709717399382985e-05 0.001069357957151873 0.1054598466545269 0.10439048869737504
79 1.4154359645610114e-05 0.001118194412003199 0.10549475149504611 0.10437655708304291
80 1.460402916219091e-05 0.0011683223329752724 0.10553050063531408 0.10436217830233882
81 1.5058600611342745e-05 0.0012197466495187624 0.10556709404027269 0.10434734739075392
82 1.5517949816207717e-05 0.0012724718849290327 0.10560453139347388 0.10433205950854486
83 1.5981953853849606e-05 0.0013265021698695173 0.10564281210939502 0.10431630993952547
84 1.6450491139799942e-05 0.0013818412557431957 0.10568193534551333 0.1043000940897701
85 1.6923441504613058e-05 0.0014384925278921102 0.10572190001412819 0.10428340748623607
86 1.7400686262873757e-05 0.001496459018607143 0.10576270479392072 0.10426624577531358
87 1.7882108275084942e-05 0.0015557434199323897 0.10580434814124254 0.10424860472131013
88 1.8367592002845507e-05 0.0016163480962504044 0.10584682830112697 0.10423048020487657
89 1.885702355771203e-05 0.0016782750966363705 0.10589014331801727 0.10421186822138091
90 1.935029074412055e-05 0.00174152616697085 0.10593429104620737 0.10419276487923652
91 1.9847283096728268e-05 0.0018061027618022725 0.10597926915999248 0.10417316639819019
92 2.0347891912518556e-05 0.0018720060559517069 0.10602507516352692 0.10415306910757523
93 2.0852010277996413e-05 0.0019392369558536666 0.10607170640038906 0.10413246944453539
94 2.1359533091786504e-05 0.0020077961106279314 0.10611916006285142 0.10411136395222349
95 2.187035708293018e-05 0.002077683922878367 0.10616743320085824 0.10408974927797986
96 2.238438082516383e-05 0.002148900559215729 0.10621652273071026 0.10406762217149455
97 2.2901504747447092e-05 0.002221445960502368 0.10626642544345927 0.10404497948295689
98 2.342163114099517e-05 0.002295319851817527 0.10631713801301416 0.10402181816119664
99 2.3944664163057813e-05 0.0023705217521427235 0.10636865700396218 0.10399813525181949
100 2.4470509837674094e-05 0.00244705098376741 0.10642097887910781 0.10397392789534038
101 2.4999076053621072e-05 0.002524906681415729 0.10647410000673344 0.1039491933253177
102 2.5530272559762474e-05 0.0026040878010957728 0.10652801666758613 0.10392392886649036
103 2.6064010957993434e-05 0.002684593128673323 0.1065827250615946 0.10389813193292129
104 2.6600204693966224e-05 0.002766421288172488 0.10663822131432128 0.10387180002614883
105 2.7138769045772604e-05 0.0028495707498061226 0.10669450148315442 0.10384493073334829
106 2.7679621110748754e-05 0.0029340398377393677 0.10675156156324565 0.10381752172550623
107 2.8222679790559837e-05 0.0030198267375899025 0.10680939749319827 0.10378957075560838
108 2.8767865774712272e-05 0.0031069295036689256 0.10686800516051229 0.10376107565684338
109 2.9315101522634364e-05 0.003195346065967146 0.10692738040679096 0.10373203434082384
110 2.986431124445713e-05 0.003285074236890284 0.10698751903271632 0.10370244479582601
111 3.0415420880620356e-05 0.003376111717748861 0.10704841680279799 0.10367230508504913
112 3.096835808042171e-05 0.0034684561050072316 0.10711006944990285 0.10364161334489563
113 3.15230521796193e-05 0.0035621048962969806 0.10717247267957061 0.10361036778327362
114 3.207943417719245e-05 0.003657055496199939 0.10723562217412176 0.10357856667792184
115 3.263743671135869e-05 0.0037533052218062498 0.10729951359656457 0.10354620837475831
116 3.319699403493881e-05 0.0038508513080529033 0.10736414259430656 0.10351329128625363
117 3.3758041990157144e-05 0.003949690912848384 0.10742950480267696 0.10347981388982858
118 3.432051798295752e-05 0.004049821121988987 0.10749559584826683 0.10344577472627786
119 3.4884360956911435e-05 0.004151238953872461 0.10756241135209157 0.10341117239821909
120 3.5449511366789203e-05 0.004253941364014705 0.10762994693258326 0.10337600556856856
121 3.601591115186072e-05 0.004357925249375146 0.10769819820841846 0.1033402729590433
122 3.6583503708987686e-05 0.004463187452496497 0.10776716080118655 0.10330397334869006
123 3.715223386556531e-05 0.004569724765464533 0.10783683033790564 0.1032671055724411
124 3.7722047852366874e-05 0.004677533933693493 0.10790720245339096 0.10322966851969748
125 3.829289327634151e-05 0.00478661165954269 0.10797827279248165 0.10319166113293897
126 3.8864719093411335e-05 0.004896954605769829 0.10805003701213159 0.10315308240636178
127 3.943747558131068e-05 0.005008559398826458 0.10812249078336938 0.10311393138454292
128 4.001111431250737e-05 0.005121422632000943 0.10819562979313309 0.10307420716113214
129 4.058558812724226e-05 0.005235540868414251 0.10826944974598478 0.10303390887757054
130 4.116085110672085e-05 0.005350910643873711 0.10834394636570996 0.10299303572183624
131 4.173685854648756e-05 0.0054675284695898715 0.10841911539680672 0.10295158692721686
132 4.2313566930011264e-05 0.005585390834761487 0.10849495260586975 0.10290956177110824
133 4.289093390250724e-05 0.0057044942090334625 0.10857145378287325 0.10286695957383979
134 4.346891824501941e-05 0.005824835044832602 0.10864861474235817 0.10282377969752557
135 4.404747984878392e-05 0.005946409779585828 0.10872643132452725 0.1027800215449414
136 4.462657968989283e-05 0.006069214837825423 0.10880489939625275 0.10273568455842731
137 4.5206179804275446e-05 0.006193246633185736 0.10888401485200108 0.10269076821881536
138 4.578624326301253e-05 0.006318501570295727 0.1089637736146776 0.10264527204438191
139 4.6366734147996664e-05 0.006444976046571537 0.10904417163639642 0.10259919558982489
140 4.694761752795096e-05 0.006572666453913134 0.10912520489917807 0.10255253844526492
141 4.752885943481643e-05 0.0067015691803091176 0.10920686941557958 0.10250530023527046
142 4.811042684051713e-05 0.0068316806113534355 0.1092891612292593 0.10245748061790587
143 4.869228763411054e-05 0.006962997131677808 0.1093720764154812 0.10240907928380337
144 4.9274410599329544e-05 0.007095515126303454 0.10945561108156028 0.10236009595525682
145 4.985676539252157e-05 0.0072292309819156275 0.10953976136725381 0.1023105303853382
146 5.043932252098897e-05 0.00736414108806439 0.10962452344510029 0.10226038235703588
147 5.102205332173331e-05 0.007500241838294798 0.10970989352070921 0.10220965168241446
148 5.1604929940606477e-05 0.007637529631209758 0.1097958678330049 0.10215833820179515
149 5.218792531186964e-05 0.007776000871468574 0.10988244265442622 0.10210644178295764
150 5.2771013138160624e-05 0.007915651970724092 0.10996961429108548 0.10205396232036137
151 5.335416787086941e-05 0.008056479348501278 0.11005737908288853 0.10200089973438728
152 5.393736469092134e-05 0.008198479433020043 0.11014573340361847 0.10194725397059842
153 5.4520579489965934e-05 0.00834164866196479 0.11023467366098491 0.10189302499902013
154 5.510378885196972e-05 0.008485983483203336 0.11032419629664168 0.10183821281343833
155 5.568697003521039e-05 0.008631480355457612 0.11041429778617401 0.1017828174307164
156 5.627010095466905e-05 0.008778135748928372 0.11050497463905799 0.10172683889012962
157 5.6853160164817206e-05 0.008925946145876298 0.11059622339859339 0.1016702772527171
158 5.743612684279463e-05 0.009074908041161548 0.11068804064181231 0.10161313260065077
159 5.801898077197388e-05 0.009225017942743847 0.11078042297936483 0.101555405036621
160 5.8601702325906515e-05 0.009376272372145045 0.11087336705538334 0.10149709468323828
161 5.9184272452646904e-05 0.009528667864876151 0.11096686954732723 0.10143820168245113
162 5.9766672659447684e-05 0.009682200970830526 0.11106092716580956 0.10137872619497901
163 6.034888499782218e-05 0.009836868254645017 0.11115553665440593 0.1013186683997609
164 6.0930892048967945e-05 0.009992666296030744 0.1112506947894489 0.10125802849341818
165 6.151267690954574e-05 0.010149591690075049 0.11134639837980713 0.10119680668973209
166 6.209422317780826e-05 0.010307641047516171 0.11144264426665146 0.1011350032191353
167 6.267551494007241e-05 0.01046681099499209 0.11153942932320914 0.10107261832821705
168 6.325653675752935e-05 0.01062709817526493 0.11163675045450681 0.10100965227924187
169 6.383727365338575e-05 0.010788499247422192 0.11173460459710308 0.10094610534968088
170 6.441771110033064e-05 0.010951010887056202 0.11183298871881246 0.10088197783175627
171 6.499783500832071e-05 0.011114629786422837 0.11193189981842075 0.1008172700319979
172 6.557763171267887e-05 0.011279352654580762 0.11203133492539287 0.10075198227081211
173 6.61570879624986e-05 0.01144517621751226 0.11213129109957416 0.10068611488206188
174 6.673619090934875e-05 0.01161209721822668 0.1122317654308858 0.10061966821265912
175 6.731492809627161e-05 0.01178011241684754 0.11233275503901492 0.10055264262216738
176 6.7893287447069e-05 0.011949218590684145 0.11243425707310016 0.10048503848241604
177 6.847125725586849e-05 0.012119412534288726 0.11253626871141333 0.1004168561771246
178 6.90488261769657e-05 0.012290691059499896 0.11263878716103734 0.10034809610153746
179 6.962598321493419e-05 0.012463050995473223 0.11274180965754205 0.10027875866206881
180 7.020271771499874e-05 0.012636489188699774 0.11284533346465701 0.10020884427595719
181 7.077901935366449e-05 0.012811002503013267 0.11294935587394281 0.10013835337092952
182 7.135487812959682e-05 0.012986587819586622 0.1130538742044609 0.10006728638487429
183 7.193028435474579e-05 0.013163242036918483 0.11315888580244246 0.09999564376552401
184 7.250522864570899e-05 0.013340962070810456 0.1132643880409566 0.09992342597014613
185 7.307970191532725e-05 0.013519744854335545 0.11337037831957843 0.09985063346524288
186 7.365369536450788e-05 0.013699587337798465 0.1134768540640572 0.09977726672625876
187 7.422720047426888e-05 0.013880486488688275 0.11358381272598497 0.09970332623729669
188 7.480020899799945e-05 0.014062439291623895 0.11369125178246572 0.09962881249084182
189 7.53727129539312e-05 0.014245442748293004 0.11379916873578581 0.09955372598749282
190 7.594470461781438e-05 0.014429493877384732 0.11390756111308549 0.09947806723570075
191 7.651617651579377e-05 0.014614589714516617 0.11401642646603184 0.09940183675151522
192 7.708712141748044e-05 0.014800727312156243 0.11412576237049347 0.09932503505833723
193 7.765753232921207e-05 0.014987903739537931 0.11423556642621738 0.09924766268667944
194 7.822740248749912e-05 0.015176116082574829 0.1143458362565073 0.09916972017393245
195 7.879672535265043e-05 0.015365361443766835 0.11445656950790474 0.09909120806413792
196 7.936549460257425e-05 0.015555636942104554 0.11456776384987247 0.09901212690776791
197 7.993370412675021e-05 0.015746939712969785 0.11467941697448007 0.0989324772615103
198 8.050134802036676e-05 0.01593926690803262 0.11479152659609279 0.09885225968806016
199 8.106842057862097e-05 0.016132615695145573 0.1149040904510624 0.09877147475591683
200 8.163491629117508e-05 0.016326983258235016 0.11501710629742194 0.09869012303918692
201 8.220082983676654e-05 0.01652236679719007 0.11513057191458227 0.0986082051173922
202 8.27661560779666e-05 0.01671876352774925 0.11524448510303274 0.09852572157528348
203 8.333089005608411e-05 0.016916170681385078 0.11535884368404431 0.09844267300265924
204 8.38950269862103e-05 0.0171145855051869 0.11547364549937611 0.0983590599941892
205 8.445856225240029e-05 0.017314005261742055 0.11558888841098533 0.09827488314924325
206 8.502149140298822e-05 0.017514427229015573 0.11570457030074027 0.0981901430717247
207 8.558381014603222e-05 0.01771584870022867 0.1158206890701369 0.09810484036990821
208 8.614551434488478e-05 0.017918266983736032 0.11593724264001841 0.09801897565628241
209 8.670660001388686e-05 0.018121679402902345 0.11605422895029903 0.09793254954739666
210 8.726706331418003e-05 0.018326083295977808 0.11617164595969023 0.09784556266371243
211 8.782690054963544e-05 0.018531476015973086 0.11628949164543126 0.09775801562945813
212 8.838610816289505e-05 0.018737854930533752 0.11640776400302247 0.09766990907248872
213 8.894468273152257e-05 0.018945217421814306 0.11652646104596294 0.09758124362414869
214 8.950262096426061e-05 0.019153560886351773 0.11664558080549084 0.09749201991913904
215 9.005991969739208e-05 0.019362882734939302 0.11676512133032738 0.09740223859538806
216 9.061657589120148e-05 0.019573180392499525 0.11688508068642492 0.0973119002939254
217 9.117258662653453e-05 0.019784451297957993 0.1170054569567178 0.09722100565875978
218 9.172794910145233e-05 0.019996692904116608 0.117126248240877 0.09712955533676039
219 9.228266062797891e-05 0.020209902677527387 0.11724745265506832 0.09703754997754092
220 9.283671862893752e-05 0.020424078098366247 0.11736906833171375 0.09694499023334746
221 9.339012063487493e-05 0.02063921666030735 0.11749109341925658 0.09685187675894924
222 9.394286428107049e-05 0.02085531587039765 0.11761352608192979 0.09675821021153211
223 9.449494730462749e-05 0.02107237324893194 0.11773636449952767 0.09666399125059573
224 9.504636754164493e-05 0.02129038632932847 0.11785960686718126 0.09656922053785277
225 9.559712292446673e-05 0.021509352658005014 0.11798325139513659 0.09647389873713155
226 9.614721147900733e-05 0.021729269794255664 0.11810729630853661 0.09637802651428094
227 9.669663132215038e-05 0.02195013531012814 0.11823173984720649 0.09628160453707832
228 9.724538065921915e-05 0.022171946790301964 0.1183565802654416 0.09618463347513963
229 9.779345778151632e-05 0.02239470183196724 0.11848181583179966 0.09608711399983237
230 9.834086106393158e-05 0.022618398044704266 0.11860744482889504 0.09598904678419079
231 9.888758896261445e-05 0.022843033050363937 0.11873346555319726 0.09589043250283331
232 9.943364001271152e-05 0.023068604482949066 0.11885987631483169 0.09579127183188262
233 9.997901282616511e-05 0.023295109988496467 0.11898667543738409 0.09569156544888761
234 0.00010052370608957261 0.023522547224959986 0.11911386125770777 0.09559131403274777
235 0.0001010677185621042 0.023750913862094485 0.11924143212573403 0.09549051826363955
236 0.00010161104907347761 0.023980207581340715 0.11936938640428543 0.09538917882294469
237 0.0001021536965219882 0.024210426075711205 0.11949772246889215 0.09528729639318093
238 0.00010269565987259285 0.024441567049677093 0.11962643870761117 0.09518487165793407
239 0.00010323693815504607 0.02467362821905601 0.1197555335208485 0.09508190530179252
240 0.00010377753046208714 0.024906607310900917 0.11988500532118404 0.09497839801028315
241 0.00010431743594767631 0.02514050206338999 0.12001485253319946 0.09487435046980948
242 0.00010485665382527944 0.02537531022571762 0.12014507359330871 0.0947697633675911
243 0.00010539518336619884 0.025611029557986324 0.12027566694959144 0.09466463739160509
244 0.00010593302389795018 0.02584765783109983 0.12040663106162887 0.094558973230529
245 0.0001064701748026826 0.026085192826657232 0.12053796440034271 0.09445277157368549
246 0.00010700663551564271 0.026323632336848108 0.12066966544783626 0.09434603311098816
247 0.00010754240552367945 0.026562974164348826 0.12080173269723853 0.0942387585328897
248 0.00010807748436379003 0.02680321612221993 0.1209341646525506 0.09413094853033063
249 0.00010861187162170498 0.027044356033804545 0.12106695982849458 0.09402260379469003
250 0.00010914556693051161 0.027286391732627906 0.12120011675036536 0.09391372501773747
251 0.00010967856996931494 0.027529321062298055 0.12133363395388423 0.09380431289158618
252 0.00011021088046193451 0.0277731418764075 0.12146750998505552 0.09369436810864804
253 0.00011074249817563656 0.02801785203843605 0.12160174340002514 0.09358389136158912
254 0.00011127342291990061 0.028263449421654752 0.12173633276494182 0.09347288334328704
255 0.00011180365454521906 0.028509931909030863 0.12187127665582025 0.0933613447467894
256 0.00011233319294192959 0.028757297393133974 0.12200657365840718 0.09324927626527323
257 0.0001128620380390785 0.02900554377604318 0.12214222236804899 0.09313667859200583
258 0.00011339018980331525 0.029254668969255333 0.12227822138956178 0.09302355242030647
259 0.00011391764823781656 0.029504670893594483 0.12241456933710397 0.0929098984435095
260 0.00011444441338123909 0.029755547479122162 0.12255126483405038 0.09279571735492824
261 0.00011497048530670127 0.030007296665049032 0.12268830651286905 0.09268100984782005
262 0.0001154958641207915 0.030259916399647376 0.12282569301499967 0.09256577661535231
263 0.00011602054996260371 0.030513404640164776 0.12296342299073433 0.09245001835056955
264 0.00011654454300279847 0.0307677593527388 0.12310149509910011 0.0923337357463613
265 0.00011706784344268956 0.031022978512312734 0.12323990800774377 0.09221692949543105
266 0.00011759045151335495 0.03127906010255242 0.12337866039281842 0.09209960029026601
267 0.0001181123674747717 0.03153600211576406 0.12351775093887178 0.09198174882310771
268 0.0001186335916149742 0.03179380255281309 0.12365717833873692 0.09186337578592382
269 0.00011915412424923464 0.032052459423044126 0.12379694129342418 0.09174448187038005
270 0.00011967396571926594 0.03231197074420181 0.12393703851201553 0.0916250677678137
271 0.00012019311639244568 0.03257233454235279 0.12407746871156022 0.09150513416920743
272 0.00012071157666106108 0.03283354885180862 0.12421823061697256 0.09138468176516397
273 0.00012122934694157402 0.033095611715049704 0.1243593229609313 0.09126371124588159
274 0.00012174642767390601 0.033358521182650244 0.12450074448378068 0.09114222330113046
275 0.0001222628193207421 0.033622275313204074 0.12464249393343327 0.09102021862022919
276 0.00012277852236685345 0.033886872173251564 0.12478457006527433 0.09089769789202279
277 0.00012329353731843856 0.03415230983720749 0.12492697164206805 0.09077466180486056
278 0.00012380786470248093 0.034418586387289694 0.125069697433865 0.0906511110465753
279 0.00012432150506612547 0.03468569991344901 0.12521274621791162 0.09052704630446264
280 0.00012483445897607052 0.03495364851329974 0.12535611677856093 0.09040246826526119
281 0.00012534672701797645 0.035222430292051375 0.1254998079071847 0.09027737761513337
282 0.00012585830979589034 0.03549204336244107 0.1256438184020878 0.09015177503964675
283 0.00012636920793168577 0.03576248584466708 0.12578814706842287 0.09002566122375581
284 0.00012687942206451774 0.03603375586632304 0.1259327927181076 0.08989903685178453
285 0.00012738895285029222 0.036305851562333284 0.1260777541697426 0.0897719026074093
286 0.00012789780096114978 0.03657877107488885 0.1262230302485313 0.08964425917364245
287 0.0001284059670849634 0.0368525125533845 0.1263686197862007 0.0895161072328162
288 0.0001289134519248492 0.037127074154356565 0.12651452162092386 0.08938744746656731
289 0.00012942025619869078 0.03740245404142163 0.1266607345972436 0.08925828055582201
290 0.00012992638063867603 0.03767865038521604 0.12680725756599745 0.08912860718078139
291 0.0001304318259908466 0.037955661363336356 0.12695408938424374 0.08899842802090743
292 0.00013093659301465917 0.03823348516028047 0.12710122891518974 0.08886774375490927
293 0.00013144068248255864 0.03851211996738967 0.12724867502811987 0.08873655506073022
294 0.00013194409517956288 0.03879156398279149 0.1273964265983261 0.0886048626155346
295 0.00013244683190285846 0.03907181541134324 0.12754448250703904 0.08847266709569578
296 0.00013294889346140737 0.03935287246457657 0.1276928416413605 0.08833996917678391
297 0.00013345028067556416 0.03963473336064254 0.1278415028941971 0.08820676953355454
298 0.00013395099437670354 0.03991739632425766 0.1279904651641949 0.08807306883993728
299 0.00013445103540685792 0.040200859586650525 0.12813972735567541 0.08793886776902493
300 0.0001349504046183648 0.04048512138550942 0.12828928837857262 0.08780416699306319
301 0.00013544910287352317 0.040770179964930486 0.12843914714837087 0.08766896718344043
302 0.00013594713104426025 0.04105603357536659 0.12858930258604434 0.08753326901067773
303 0.0001364444900118059 0.04134268047357718 0.1287397536179969 0.08739707314441973
304 0.0001369411806663769 0.04163011892257857 0.1288904991760038 0.08726038025342521
305 0.00013743720390686879 0.04191834719159499 0.12904153819715342 0.0871231910055584
306 0.00013793256064055731 0.04220736355601052 0.129192869623791 0.0869855060677805
307 0.00013842725178280608 0.04249716629732146 0.12934449240346269 0.0868473261061412
308 0.00013892127825678442 0.042787753703089605 0.12949640548886066 0.08670865178577107
309 0.00013941464099319088 0.043079124066895964 0.12964860783776955 0.08656948377087356
310 0.000139907340929985 0.04337127568829535 0.1298010984130133 0.08642982272471796
311 0.0001403993790121269 0.04366420687277147 0.12995387618240337 0.0862896693096319
312 0.00014089075619132293 0.043957915931692765 0.13010694011868748 0.08614902418699474
313 0.00014138147342577885 0.04425240118226876 0.13026028919949967 0.0860078880172309
314 0.00014187153167995948 0.04454766094750727 0.13041392240731062 0.08586626145980336
315 0.00014236093192435516 0.044843693556171876 0.13056783872937955 0.08572414517320763
316 0.00014284967513525428 0.04514049734274035 0.13072203715770622 0.08558153981496587
317 0.0001433377622945221 0.04543807064736351 0.1308765166889846 0.08543844604162107
318 0.00014382519438938568 0.045736411815824655 0.13103127632455633 0.08529486450873168
319 0.00014431197241222444 0.046035519199499594 0.13118631507036596 0.08515079587086634
320 0.00014479809736036697 0.046335391155317436 0.13134163193691628 0.08500624078159885
321 0.00014528357023589283 0.04663602604572161 0.1314972259392248 0.08486119989350323
322 0.00014576839204544003 0.0469374222386317 0.1316530960967808 0.08471567385814911
323 0.00014625256380001788 0.0472395781074058 0.13180924143350314 0.08456966332609737
324 0.00014673608651482486 0.04754249203080327 0.13196566097769896 0.0844231689468957
325 0.00014721896120907133 0.04784616239294821 0.13212235376202283 0.08427619136907462
326 0.00014770118890580777 0.04815058758329335 0.13227931882343677 0.08412873124014345
327 0.00014818277063175682 0.048455765996584486 0.1324365552031711 0.08398078920658665
328 0.0001486637074171506 0.0487616960328254 0.13259406194668555 0.08383236591386015
329 0.00014914400029557255 0.04906837609724336 0.1327518381036314 0.08368346200638804
330 0.00014962365030380317 0.049375804600255056 0.13290988272781415 0.0835340781275591
331 0.00015010265848167066 0.04968397995743298 0.13306819487715688 0.08338421491972389
332 0.0001505810258719051 0.04999290058947249 0.13322677361366417 0.08323387302419168
333 0.000151058753519997 0.050302564922159 0.1333856180033865 0.08308305308122751
334 0.00015153584247405992 0.05061297138633599 0.1335447271163857 0.08293175573004971
335 0.00015201229378469656 0.050924118417873344 0.13370410002670058 0.08277998160882724
336 0.00015248810850486906 0.051236004457635986 0.13386373581231314 0.08262773135467717
337 0.00015296328768977206 0.05154862795145319 0.1340236335551158 0.0824750056036626
338 0.00015343783239671091 0.05186198735008829 0.13418379234087854 0.0823218049907903
339 0.00015391174368498112 0.05217608110920859 0.13434421125921736 0.08216813015000875
340 0.00015438502261575328 0.05249090768935613 0.13450488940356234 0.08201398171420621
341 0.00015485767025196008 0.052806465555918385 0.13466582587112716 0.08185936031520877
342 0.0001553296876581862 0.05312275317909966 0.1348270197628786 0.08170426658377895
343 0.00015580107590056283 0.05343976903389305 0.13498847018350676 0.08154870114961371
344 0.00015627183604666355 0.05375751160005226 0.13515017624139553 0.08139266464134326
345 0.0001567419691654038 0.05407597936206432 0.13531213704859385 0.08123615768652952
346 0.0001572114763269439 0.05439517080912255 0.13547435172078745 0.08107918091166487
347 0.00015768035860259306 0.05471508443509977 0.1356368193772707 0.08092173494217095
348 0.00015814861706471827 0.05503571873852196 0.13579953914091952 0.08076382040239755
349 0.00015861625278665442 0.05535707222254241 0.13596251013816396 0.0806054379156216
350 0.00015908326684261712 0.055679143394916 0.1361257314989622 0.08044658810404622
351 0.00015954966030761836 0.056001930767974065 0.13628920235677403 0.08028727158880002
352 0.00016001543425738467 0.0563254328585994 0.13645292184853547 0.08012748898993607
353 0.00016048058976827706 0.05664964818820182 0.13661688911463335 0.07996724092643154
354 0.00016094512791721408 0.056974575282693764 0.1367811032988806 0.07980652801618685
355 0.00016140904978159627 0.057300212672466676 0.136945563548492 0.07964535087602528
356 0.00016187235643923368 0.05762655889236721 0.13711026901405976 0.07948371012169257
357 0.00016233504896827466 0.05795361248167405 0.1372752188495304 0.07932160636785637
358 0.00016279712844713726 0.058281371984075146 0.13744041221218123 0.07915904022810609
359 0.00016325859595444243 0.05860983594764483 0.13760584826259742 0.07899601231495261
360 0.0001637194525689492 0.05893900292482172 0.13777152616464985 0.07883252323982813
361 0.00016417969936949203 0.05926887147238661 0.13793744508547262 0.07866857361308602
362 0.00016463933743491937 0.05959944015144083 0.13810360419544168 0.07850416404400086
363 0.00016509836784403493 0.05993070752738468 0.138270002668153 0.07833929514076829
364 0.00016555679167553958 0.06026267216989641 0.1384366396804017 0.07817396751050532
365 0.00016601461000797618 0.06059533265291129 0.13860351441216157 0.07800818175925021
366 0.000166471823919675 0.06092868755460105 0.13877062604656398 0.07784193849196294
367 0.0001669284344887017 0.06126273545735351 0.13893797376987863 0.07767523831252511
368 0.00016738444279280586 0.06159747494775255 0.13910555677149306 0.07750808182374051
369 0.00016783984990937192 0.06193290461655824 0.13927337424389355 0.07734046962733533
370 0.00016829465691537156 0.062269023058687464 0.13944142538264606 0.07717240232395861
371 0.00016874886488731628 0.06260582887319435 0.13960970938637696 0.0770038805131826
372 0.0001692024749012136 0.06294332066325146 0.13977822545675478 0.07683490479350333
373 0.00016965548803252235 0.06328149703613083 0.13994697279847185 0.07666547576234103
374 0.00017010790535611082 0.06362035660318544 0.14011595061922627 0.07649559401604085
375 0.00017055972794621565 0.06395989797983087 0.14028515812970418 0.07632526014987327
376 0.00017101095687640198 0.06430011978552715 0.14045459454356218 0.07615447475803502
377 0.00017146159321952502 0.06464102064376093 0.14062425907741044 0.0759832384336495
378 0.0001719116380476924 0.06498259918202773 0.14079415095079534 0.07581155176876764
379 0.0001723610924322282 0.06532485403181448 0.14096426938618312 0.07563941535436866
380 0.00017280995744363783 0.06566778382858236 0.14113461360894325 0.07546682978036087
381 0.00017325823415157392 0.06601138721174966 0.1413051828473322 0.07529379563558253
382 0.0001737059236248036 0.06635566282467498 0.1414759763324776 0.07512031350780263
383 0.00017415302693117644 0.06670060931464057 0.1416469932983624 0.07494638398372186
384 0.0001745995451375936 0.06704622533283597 0.14181823298180954 0.07477200764897357
385 0.00017504547930997816 0.06739250953434159 0.1419896946224663 0.07459718508812467
386 0.0001754908305132458 0.06773946057811288 0.1421613774627895 0.07442191688467666
387 0.00017593559981127698 0.06808707712696421 0.1423332807480308 0.07424620362106658
388 0.00017637978826689002 0.06843535784755334 0.14250540372622159 0.07407004587866822
389 0.00017682339694181457 0.06878430141036589 0.14267774564815888 0.07389344423779302
390 0.00017726642689666624 0.06913390648969985 0.14285030576739113 0.07371639927769127
391 0.0001777088791909223 0.06948417176365058 0.14302308334020383 0.0735389115765532
392 0.00017815075488289764 0.06983509591409585 0.14319607762560604 0.07336098171151018
393 0.00017859205502972198 0.07018667762668075 0.14336928788531653 0.07318261025863577
394 0.00017903278068731772 0.07053891559080318 0.14354271338375033 0.07300379779294713
395 0.00017947293291037798 0.07089180849959933 0.14371635338800537 0.07282454488840599
396 0.0001799125127523468 0.07124535504992936 0.14389020716784937 0.07264485211792006
397 0.000180351521265398 0.071599553942363 0.14406427399570723 0.07246472005334427
398 0.00018078995950041642 0.07195440388116574 0.14423855314664766 0.07228414926548193
399 0.00018122782850697928 0.07230990357428473 0.14441304389837098 0.07210314032408623
400 0.00018166512933333765 0.07266605173333508 0.1445877455311964 0.07192169379786136
401 0.00018210186302639947 0.07302284707358618 0.14476265732805016 0.07173981025446396
402 0.00018253803063171227 0.07338028831394833 0.1449377785744528 0.07155749026050447
403 0.00018297363319344728 0.07373837417695925 0.14511310855850762 0.07137473438154837
404 0.0001834086717543834 0.07409710338877089 0.14528864657088875 0.07119154318211779
405 0.00018384314735589243 0.07445647467913644 0.14546439190482913 0.07100791722569275
406 0.00018427706103792393 0.07481648678139716 0.1456403438561096 0.07082385707471249
407 0.0001847104138389917 0.07517713843246963 0.14581650172304678 0.07063936329057717
408 0.00018514320679615992 0.07553842837283324 0.1459928648064824 0.07045443643364914
409 0.00018557544094502992 0.07590035534651725 0.14616943240977157 0.0702690770632543
410 0.00018600711731972804 0.07626291810108853 0.14634620383877228 0.07008328573768377
411 0.00018643823695289297 0.076626115387639 0.14652317840183432 0.06989706301419532
412 0.00018686880087566424 0.07698994596077366 0.1467003554097884 0.06971040944901477
413 0.00018729881011767126 0.07735440857859822 0.14687773417593583 0.06952332559733757
414 0.0001877282657070221 0.07771950200270714 0.14705531401603747 0.0693358120133303
415 0.00018815716867029314 0.07808522499817167 0.14723309424830386 0.0691478692501322
416 0.00018858552003251928 0.07845157633352805 0.14741107419338476 0.06895949785985671
417 0.00018901332081718404 0.07881855478076576 0.14758925317435875 0.068770698393593
418 0.00018944057204621053 0.07918615911531597 0.14776763051672356 0.06858147140140754
419 0.00018986727473995228 0.07955438811604 0.1479462055483856 0.06839181743234565
420 0.00019029342991718515 0.07992324056521778 0.14812497759965088 0.06820173703443314
421 0.0001907190385950987 0.08029271524853655 0.14830394600321428 0.06801123075467772
422 0.00019114410178928864 0.0806628109550798 0.14848311009415063 0.06782029913907082
423 0.000191568620513749 0.08103352647731583 0.1486624692099049 0.06762894273258903
424 0.00019199259578086538 0.08140486061108694 0.14884202269028268 0.06743716207919574
425 0.00019241602860140772 0.0817768121555983 0.1490217698774411 0.06724495772184282
426 0.00019283891998452348 0.08214937991340701 0.14920171011587907 0.06705233020247206
427 0.00019326127093773177 0.0825225626904115 0.14938184275242855 0.06685928006201705
428 0.00019368308246691727 0.08289635929584058 0.14956216713624515 0.06666580784040459
429 0.000194104355576324 0.08327076854224298 0.14974268261879947 0.06647191407655643
430 0.00019452509126855025 0.08364578924547662 0.14992338855386758 0.06627759930839099
431 0.00019494529054454323 0.08402142022469815 0.1501042842975229 0.06608286407282475
432 0.00019536495440359398 0.08439766030235261 0.15028536920812677 0.06588770890577418
433 0.00019578408384333257 0.08477450830416298 0.15046664264632031 0.0656921343421573
434 0.00019620267985972353 0.08515196305912003 0.1506481039750153 0.06549614091589528
435 0.0001966207434470619 0.08553002339947194 0.15082975255938613 0.0652997291599142
436 0.00019703827559796862 0.08590868816071431 0.15101158776686097 0.06510289960614662
437 0.0001974552773033869 0.0862879561815801 0.15119360896711348 0.06490565278553341
438 0.00019787174955257852 0.08666782630402942 0.15137581553205462 0.06470798922802523
439 0.0001982876933331203 0.08704829737323984 0.15155820683582424 0.06450990946258442
440 0.00019870310963090098 0.08742936823759644 0.15174078225478302 0.06431141401718657
441 0.00019911799943011764 0.0878110377486819 0.151923541167504 0.06411250341882213
442 0.00019953236371327338 0.08819330476126683 0.15210648295476517 0.06391317819349833
443 0.0001999462034611742 0.0885761681333002 0.15228960699954083 0.06371343886624066
444 0.00020035951965292645 0.08895962672589934 0.152472912686994 0.06351328596109468
445 0.00020077231326593437 0.0893436794033408 0.15265639940446848 0.0633127200011277
446 0.00020118458527589804 0.0897283250330505 0.15284006654148097 0.06311174150843048
447 0.00020159633665681108 0.09011356248559456 0.15302391348971342 0.06291035100411889
448 0.00020200756838095868 0.09049939063466947 0.15320793964300522 0.06270854900833575
449 0.00020241828141891587 0.09088580835709323 0.15339214439734558 0.06250633604025237
450 0.0002028284767395459 0.09127281453279566 0.15357652715086598 0.06230371261807033
451 0.00020323815530999838 0.09166040804480927 0.15376108730383253 0.0621006792590233
452 0.00020364731809570825 0.09204858777926013 0.1539458242586387 0.06189723647937857
453 0.00020405596606039433 0.09243735262535863 0.1541307374197975 0.06169338479443887
454 0.00020446410016605802 0.09282670147539034 0.1543158261939345 0.06148912471854411
455 0.00020487172137298256 0.09321663322470707 0.15450108998978002 0.06128445676507298
456 0.0002052788306397316 0.09360714677171762 0.1546865282181625 0.06107938144644485
457 0.00020568542892314913 0.09399824101787915 0.15487214029200042 0.0608738992741213
458 0.000206091517178358 0.09438991486768794 0.15505792562629586 0.060668010758607914
459 0.00020649709635875953 0.09478216722867064 0.1552438836381268 0.060461716409456155
460 0.0002069021674160335 0.09517499701137543 0.1554300137466402 0.060255016735264774
461 0.00020730673130013702 0.09556840312936316 0.15561631537304493 0.06004791224368179
462 0.0002077107889593046 0.09596238449919871 0.15580278794060481 0.05984040344140613
463 0.0002081143413400477 0.09635694004044207 0.15598943087463138 0.0596324908341893
464 0.0002085173893871549 0.09675206867563986 0.1561762436024771 0.05942417492683723
465 0.00020891993404369152 0.09714776933031656 0.1563632255535284 0.059215456223211824
466 0.00020932197625099993 0.09754404093296597 0.1565503761591988 0.0590063352262329
467 0.0002097235169486992 0.09794088241504251 0.1567376948529222 0.05879681243787969
468 0.00021012455707468573 0.0983382927109529 0.1569251810701456 0.05858688835919269
469 0.0002105250975651334 0.09873627075804753 0.15711283424832306 0.05837656349027547
470 0.00021092513935449362 0.099134815496612 0.15730065382690814 0.05816583833029613
471 0.00021132468337549607 0.09953392586985865 0.1574886392473479 0.057954713377489246
472 0.00021172373055914904 0.09993360082391836 0.1576767899530759 0.05774318912915757
473 0.00021212228183473957 0.10033383930783184 0.1578651053895054 0.05753126608167361
474 0.0002125203381298348 0.10073464027354172 0.1580535850040233 0.057318944730481554
475 0.00021291790037028193 0.10113600267588393 0.15824222824598272 0.05710622557009881
476 0.0002133149694802092 0.10153792547257959 0.15843103456669738 0.05689310909411782
477 0.0002137115463820265 0.10194040762422661 0.15862000341943439 0.05667959579520774
478 0.0002141076319964264 0.10234344809429183 0.15880913425940812 0.05646568616511622
479 0.00021450322724238496 0.10274704584910241 0.15899842654377344 0.05625138069467102
480 0.00021489833303716237 0.10315119985783792 0.1591878797316197 0.05603667987378182
481 0.00021529295029630417 0.10355590909252231 0.1593774932839642 0.055821584191441884
482 0.00021568707993364214 0.10396117252801555 0.15956726666374535 0.0556060941357298
483 0.00021608072286129565 0.10436698914200579 0.15975719933581695 0.05539021019381115
484 0.00021647387998967202 0.10477335791500127 0.15994729076694159 0.05517393285194028
485 0.00021686655222746847 0.10518027783032219 0.1601375404257842 0.05495726259546197
486 0.0002172587404816728 0.10558774787409299 0.16032794778290618 0.054740199908813195
487 0.00021765044565756476 0.10599576703523404 0.16051851231075878 0.05452274527552472
488 0.00021804166865871733 0.10640433430545405 0.160709233483677 0.05430489917822296
489 0.00021843241038699786 0.10681344867924196 0.16090011077787347 0.05408666209863156
490 0.00021882267174256947 0.107223109153859 0.16109114367143215 0.05386803451757318
491 0.00021921245362389242 0.10763331472933119 0.16128233164430233 0.05364901691497114
492 0.00021960175692772564 0.10804406440844104 0.16147367417829228 0.053429609769851207
493 0.00021999058254912787 0.10845535719672002 0.1616651707570632 0.05320981356034315
494 0.00022037893138145893 0.10886719210244072 0.16185682086612338 0.05298962876368263
495 0.0002207668043163821 0.10927956813660915 0.16204862399282183 0.05276905585621269
496 0.00022115420224386447 0.10969248431295678 0.1622405796263424 0.052548095313385654
497 0.00022154112605217915 0.11010593964793305 0.16243268725769774 0.052326747609764655
498 0.0002219275766279068 0.1105199331606976 0.16262494637972305 0.05210501321902546
499 0.00022231355485593694 0.11093446387311252 0.16281735648707057 0.05188289261395808
500 0.00022269906161946973 0.11134953080973485 0.16300991707620324 0.05166038626646841
501 0.00022308409780001745 0.11176513299780876 0.1632026276453889 0.05143749464758011
502 0.00022346866427740657 0.1121812694672581 0.1633954876946942 0.05121421822743609
503 0.00022385276192977876 0.11259793925067871 0.16358849672597894 0.05099055747530027
504 0.00022423639163359293 0.11301514138333082 0.16378165424289018 0.05076651285955935
505 0.00022461955426362717 0.1134328749031317 0.16397495975085605 0.05054208484772433
506 0.00022500225069297988 0.11385113885064782 0.16416841275708013 0.0503172739064323
507 0.00022538448179307218 0.11426993226908758 0.16436201277053566 0.050092080501448095
508 0.00022576624843364916 0.11468925420429378 0.16455575930195973 0.04986650509766599
509 0.0002261475514827818 0.11510910370473595 0.16474965186384727 0.049640548159111265
510 0.00022652839180686905 0.11552947982150322 0.16494368997044534 0.049414210148942074
511 0.00022690877027063905 0.11595038160829657 0.16513787313774755 0.04918749152945095
512 0.00022728868773715154 0.11637180812142159 0.16533220088348818 0.04896039276206654
513 0.00022766814506779942 0.11679375841978111 0.16552667272713636 0.048732914307355255
514 0.0002280471431223106 0.11721623156486764 0.16572128818989063 0.048505056625022955
515 0.00022842568275874972 0.11763922662075614 0.1659160467946727 0.048276820173916636
516 0.00022880376483352052 0.11806274265409661 0.16611094806612262 0.048048205412025986
517 0.00022918139020136735 0.11848677873410694 0.16630599153059214 0.04781921279648522
518 0.00022955855971537684 0.11891133393256519 0.16650117671613976 0.047589842783574525
519 0.00022993527422698036 0.1193364073238028 0.16669650315252468 0.04736009582872191
520 0.0002303115345859557 0.11976199798469697 0.16689197037120174 0.04712997238650475
521 0.00023068734164042885 0.12018810499466343 0.16708757790531487 0.046899472910651475
522 0.00023106269623687613 0.12061472743564933 0.1672833252896926 0.046668597854043224
523 0.0002314375992201261 0.12104186439212593 0.16747921206084143 0.04643734766871545
524 0.0002318120514333616 0.12146951495108148 0.1676752377569411 0.04620572280585962
525 0.00023218605371812137 0.12189767820201376 0.1678714019178386 0.04597372371582486
526 0.00023255960691430255 0.12232635323692313 0.1680677040850427 0.045741350848119554
527 0.0002329327118601623 0.12275553915030554 0.16826414380171856 0.045508604651413015
528 0.00023330536939231985 0.12318523503914487 0.16846072061268202 0.045275485573537104
529 0.00023367758034575857 0.1236154400029063 0.16865743406439423 0.04504199406148792
530 0.000234049345553828 0.12404615314352883 0.1688542837049562 0.04480813056142737
531 0.00023442066584824576 0.1244773735654185 0.16905126908410326 0.04457389551868481
532 0.00023479154205909963 0.12490910037544098 0.16924838975319967 0.04433928937775871
533 0.0002351619750148495 0.12534133268291478 0.16944564526523315 0.044104312582318284
534 0.00023553196554232972 0.12577406959960408 0.16964303517480914 0.04386896557520508
535 0.00023590151446675062 0.12620731023971157 0.1698405590381462 0.04363324879843464
536 0.0002362706226117009 0.12664105371987172 0.17003821641306985 0.04339716269319806
537 0.00023663929079914987 0.12707529915914348 0.1702360068590072 0.043160707699863715
538 0.00023700751984944882 0.12751004567900345 0.17043392993698225 0.042923884257978794
539 0.00023737531058133377 0.12794529240333888 0.17063198520960982 0.04268669280627093
540 0.0002377426638119271 0.12838103845844062 0.17083017224109048 0.042449133782649875
541 0.00023810958035673998 0.12881728297299638 0.17102849059720537 0.042211207624209
542 0.00023847606102967431 0.12925402507808345 0.17122693984531043 0.04197291476722699
543 0.0002388421066430243 0.12969126390716215 0.1714255195543317 0.04173425564716948
544 0.00023920771800747942 0.1301289985960688 0.17162422929475935 0.04149523069869056
545 0.00023957289593212587 0.13056722828300862 0.17182306863864302 0.04125584035563444
546 0.0002399376412244489 0.13100595210854912 0.17202203715958625 0.041016085051037064
547 0.00024030195469033493 0.1314451692156132 0.17222113443274087 0.040775965217127674
548 0.0002406658371340733 0.13188487874947216 0.17242036003480263 0.04053548128533043
549 0.00024102928935835916 0.13232507985773914 0.17261971354400518 0.04029463368626599
550 0.00024139231216429438 0.13276577169036188 0.17281919454011507 0.04005342284975313
551 0.00024175490635139091 0.13320695339961638 0.17301880260442673 0.03981184920481033
552 0.0002421170727175719 0.1336486241400997 0.17321853731975698 0.03956991317965732
553 0.00024247881205917464 0.1340907830687236 0.1734183982704403 0.039327615201716695
554 0.00024284012517095194 0.13453342934470733 0.17361838504232294 0.039084955697615546
555 0.0002432010128460746 0.13497656212957138 0.17381849722275833 0.038841935093186994
556 0.00024356147587613355 0.1354201805871303 0.174018734400602 0.03859855381347175
557 0.00024392151505114203 0.13586428388348615 0.17421909616620582 0.038354812282719725
558 0.0002442811311595374 0.13630887118702187 0.17441958211141353 0.038110710924391646
559 0.00024464032498818373 0.1367539416683947 0.17462019182955524 0.03786625016116055
560 0.0002449990973223732 0.13719949450052912 0.17482092491544243 0.03762143041491341
561 0.00024535744894582943 0.1376455288586103 0.17502178096536297 0.03737625210675269
562 0.00024571538064070816 0.138092043920078 0.17522275957707587 0.03713071565699793
563 0.0002460728931876006 0.13853903886461916 0.17542386034980642 0.03688482148518726
564 0.00024642998736553487 0.13898651287416175 0.17562508288424075 0.03663857001007902
565 0.00024678666395197855 0.13943446513286784 0.17582642678252125 0.03639196164965334
566 0.00024714292372284035 0.13988289482712762 0.17602789164824126 0.03614499682111358
567 0.0002474987674524728 0.14033180114555205 0.17622947708644013 0.035897675940888045
568 0.00024785419591367394 0.1407811832789668 0.1764311827035982 0.03564999942463143
569 0.00024820920987768977 0.1412310404204055 0.17663300810763188 0.03540196768722641
570 0.0002485638101142163 0.14168137176510331 0.1768349529078885 0.035153581142785204
571 0.0002489179973914017 0.14213217651049032 0.17703701671514144 0.03490484020465107
572 0.0002492717724758482 0.1425834538561852 0.17723919914158517 0.034655745285399955
573 0.0002496251361326151 0.14303520300398848 0.17744149980083038 0.03440629679684192
574 0.0002499780891252196 0.1434874231578761 0.17764391830789877 0.03415649515002276
575 0.00025033063221564024 0.1439401135239932 0.17784645427921866 0.033906340755225535
576 0.00025068276616431825 0.14439327331064736 0.1780491073326194 0.033655834021972045
577 0.0002510344917301599 0.14484690172830225 0.1782518770873268 0.033404975359024494
578 0.000251385809670539 0.14530099798957155 0.17845476316395842 0.03315376517438687
579 0.00025173672074129864 0.14575556130921188 0.17865776518451845 0.032902203875306596
580 0.0002520872256967534 0.146210590904117 0.17886088277239293 0.03265029186827602
581 0.0002524373252896919 0.14666608599331096 0.1790641155523449 0.03239802955903391
582 0.0002527870202713785 0.1471220457979423 0.17926746315050934 0.032145417352567034
583 0.0002531363113915558 0.14757846954127707 0.1794709251943887 0.03189245565311164
584 0.00025348519939844666 0.14803535644869284 0.1796745013128479 0.031639144864155005
585 0.00025383368503875643 0.1484927057476725 0.17987819113610942 0.031385485388436926
586 0.0002541817690576751 0.14895051666779757 0.18008199429574887 0.03113147762795126
587 0.00025452945219887934 0.14940878844074218 0.1802859104246896 0.030877121983947462
588 0.0002548767352045352 0.1498675203002667 0.18048993915719871 0.030622418856932013
589 0.00025522361881529946 0.1503267114822114 0.1806940801288814 0.030367368646670004
590 0.0002555701037703227 0.1507863612244904 0.18089833297667698 0.03011197175218664
591 0.00025591619080725066 0.15124646876708514 0.18110269733885387 0.029856228571768707
592 0.0002562618806622273 0.15170703335203856 0.18130717285500475 0.029600139502966107
593 0.0002566071740698961 0.15216805422344834 0.1815117591660417 0.02934370494259334
594 0.00025695207176340274 0.1526295306274612 0.18171645591419222 0.029086925286731017
595 0.00025729657447439737 0.15309146181226646 0.18192126274299386 0.028829800930727352
596 0.00025764068293303657 0.15355384702808983 0.1821261792972895 0.02857233226919966
597 0.0002579843978679857 0.1540166855271874 0.18233120522322332 0.028314519696035833
598 0.0002583277200064208 0.15447997656383958 0.18253634016823544 0.028056363604395836
599 0.000258670650074031 0.15494371939434454 0.18274158378105781 0.02779786438671324
600 0.0002590131887950212 0.1554079132770127 0.1829469357117094 0.02753902243469664
601 0.00025935533689211323 0.15587255747216006 0.1831523956114912 0.02727983813933115
602 0.0002596970950865488 0.15633765124210244 0.18335796313298233 0.027020311890879948
603 0.0002600384640980917 0.15680319385114927 0.18356363793003502 0.02676044407888567
604 0.00026037944464502965 0.1572691845655979 0.1837694196577698 0.026500235092171944
605 0.0002607200374441766 0.15773562265372681 0.18397530797257164 0.026239685318844855
606 0.00026106024321087513 0.15820250738579036 0.18418130253208467 0.02597879514629439
607 0.00026140006265899855 0.15866983803401208 0.18438740299520806 0.025717564961195944
608 0.000261739496500953 0.15913761387257946 0.1845936090220913 0.025455995149511777
609 0.0002620785454476801 0.15960583417763718 0.1847999202741296 0.025194086096492437
610 0.0002624172102086581 0.16007449822728154 0.18500633641395978 0.024931838186678316
611 0.00026275549149190586 0.16054360530155448 0.18521285710545551 0.02466925180390101
612 0.0002630933900039831 0.16101315468243765 0.18541948201372252 0.024406327331284876
613 0.00026343090644999383 0.16148314565384625 0.18562621080509464 0.024143065151248384
614 0.0002637680415335887 0.16195357750162348 0.18583304314712912 0.02387946564550567
615 0.0002641047959569662 0.16242444951353424 0.18603997870860212 0.02361552919506793
616 0.0002644411704208758 0.16289576097925945 0.18624701715950437 0.023351256180244882
617 0.00026477716562461987 0.16336751119039047 0.18645415817103672 0.023086646980646226
618 0.00026511278226605577 0.16383969944042256 0.18666140141560555 0.022821701975183063
619 0.00026544802104159853 0.16431232502474946 0.18686874656681882 0.02255642154206939
620 0.0002657828826462222 0.16478538724065767 0.1870761932994812 0.022290806058823495
621 0.00026611736777346306 0.16525888538732056 0.1872837412895899 0.02202485590226939
622 0.00026645147711542113 0.16573281876579196 0.18749139021433028 0.021758571448538315
623 0.00026678521136276324 0.1662071866790015 0.1876991397520715 0.02149195307307007
624 0.0002671185712047241 0.1666819884317478 0.18790698958236232 0.02122500115061456
625 0.0002674515573291093 0.16715722333069333 0.18811493938592644 0.020957716055233132
626 0.00026778417042229777 0.16763289068435838 0.18832298884465845 0.02069009816030005
627 0.0002681164111692431 0.1681089898031155 0.18853113764161936 0.020422147838503935
628 0.00026844828025347685 0.16858551999918345 0.18873938546103258 0.020153865461849125
629 0.00026877977835710996 0.16906248058662207 0.18894773198827927 0.01988525140165717
630 0.00026911090616083515 0.16953987088132613 0.18915617690989436 0.019616306028568193
631 0.0002694416643439299 0.1700176902010197 0.18936471991356216 0.01934702971254236
632 0.0002697720535842575 0.17049593786525075 0.18957336068811198 0.019077422822861238
633 0.00027010207455827046 0.17097461319538515 0.18978209892351433 0.018807485728129267
634 0.00027043172794101136 0.17145371551460123 0.1899909343108763 0.018537218796275113
635 0.0002707610144061172 0.17193324414788433 0.19019986654243748 0.01826662239455311
636 0.0002710899346258192 0.17241319842202105 0.1904088953115657 0.017995696889544655
637 0.000271418489270947 0.17289357766559327 0.19061802031275288 0.017724442647159645
638 0.0002717466790109299 0.17337438120897325 0.19082724124161105 0.0174528600326378
639 0.00027207450451379936 0.17385560838431782 0.19103655779486792 0.01718094941055014
640 0.0002724019664461914 0.1743372585255625 0.1912459696703628 0.016908711144800342
641 0.00027272906547334857 0.17481933096841648 0.19145547656704262 0.01663614559862616
642 0.0002730558022591227 0.17530182505035677 0.1916650781849575 0.016363253134600755
643 0.0002733821774659764 0.17578474011062278 0.19187477422525698 0.01609003411463419
644 0.00027370819175498597 0.17626807549021098 0.1920845643901857 0.01581648889997473
645 0.0002740338457858438 0.1767518305318691 0.1922944483830794 0.015542617851210269
646 0.00027435914021685956 0.17723600458009126 0.19250442590836092 0.015268421328269655
647 0.0002746840757049638 0.1777205969811116 0.19271449667153576 0.014993899690424164
648 0.00027500865290570946 0.17820560708289968 0.19292466037918857 0.014719053296288824
649 0.0002753328724732741 0.1786910342351549 0.19313491673897867 0.014443882503823785
650 0.0002756567350604628 0.17917687778930078 0.1933452654596365 0.014168387670335724
651 0.00027598024131870926 0.17966313709847975 0.19355570625095894 0.013892569152479169
652 0.0002763033918980798 0.18014981151754803 0.19376623882380592 0.01361642730625791
653 0.00027662618744727377 0.1806369004030697 0.19397686289009605 0.013339962487026381
654 0.000276948628613627 0.18112440311331202 0.194187578162803 0.013063175049490965
655 0.00027727071604311405 0.1816123190082397 0.19439838435595108 0.012786065347711402
656 0.0002775924503803497 0.18210064744950943 0.19460928118461165 0.012508633735102144
657 0.00027791383226859233 0.1825893878004652 0.19482026836489888 0.012230880564433685
658 0.0002782348623497452 0.18307853942613234 0.19503134561396626 0.011952806187833964
659 0.0002785555412643591 0.18356810169321267 0.19524251265000234 0.011674410956789682
660 0.00027887586965163493 0.18405807397007914 0.19545376919222676 0.011395695222147683
661 0.0002791958481494258 0.18454845562677044 0.19566511496088665 0.011116659334116237
662 0.00027951547739423876 0.18503924603498603 0.1958765496772525 0.010837303642266476
663 0.00027983475802123803 0.1855304445680808 0.1960880730636145 0.010557628495533681
664 0.00028015369066424677 0.18602205060105978 0.19629968484327845 0.010277634242218647
665 0.0002804722759557493 0.1865140635105732 0.19651138474056226 0.009997321229989005
666 0.00028079051452689353 0.187006482674911 0.1967231724807916 0.009716689805880589
667 0.0002811084070074932 0.18749930747399793 0.1969350477902966 0.009435740316298723
668 0.00028142595402603024 0.1879925372893882 0.19714701039640783 0.00915447310701961
669 0.0002817431562096574 0.18848617150426078 0.19735906002745238 0.008872888523191616
670 0.0002820600141841995 0.1889802095034136 0.1975711964127503 0.008590986909336637
671 0.00028237652857415676 0.18947465067325922 0.1977834192826106 0.0083087686093514
672 0.00028269270000270703 0.18996949440181904 0.19799572836832788 0.008026233966508768
673 0.000283008529091707 0.19046474007871877 0.19820812340217792 0.007743383323459146
674 0.00028332401646169616 0.19096038709518315 0.19842060411741488 0.007460217022231688
675 0.0002836391627318976 0.1914564348440308 0.19863317024826654 0.007176735404235672
676 0.0002839539685202212 0.19195288271966945 0.19884582152993127 0.006892938810261832
677 0.0002842684344432656 0.19244973011809074 0.19905855769857442 0.006608827580483645
678 0.0002845825611163206 0.19294697643686531 0.19927137849132395 0.006324402054458619
679 0.0002848963491533693 0.19344462107513782 0.1994842836462674 0.006039662571129656
680 0.0002852097991670908 0.1939426634336218 0.1996972729024481 0.005754609468826309
681 0.0002855229117688622 0.19444110291459504 0.19991034599986116 0.0054692430852661105
682 0.00028583568756876035 0.19493993892189446 0.2001235026794504 0.005183563757555868
683 0.00028614812717556523 0.19543917086091114 0.20033674268310406 0.004897571822192934
684 0.00028646023119676214 0.19593879813858528 0.20055006575365183 0.004611267615066587
685 0.0002867720002385428 0.19643882016340175 0.20076347163486102 0.004324651471459215
686 0.00028708343490580905 0.19693923634538496 0.20097696007143254 0.004037723726047657
687 0.0002873945358021743 0.19744004609609372 0.20119053080899826 0.0037504847129045493
688 0.0002877053035299662 0.19794124882861683 0.2014041835941163 0.0034629347654994785
689 0.0002880157386902293 0.198442843957568 0.2016179181742684 0.0031750742167004345
690 0.0002883258418827261 0.19894483089908102 0.2018317342978559 0.002886903398774935
691 0.00028863561370594086 0.19944720907080518 0.20204563171419654 0.0025984226433913944
692 0.00028894505475708106 0.1999499778919001 0.20225961017352045 0.0023096322816203987
693 0.00028925416563207985 0.2004531367830313 0.20247366942696718 0.002020532643935934
694 0.0002895629469255982 0.20095668516636517 0.2026878092265819 0.001731124060216716
695 0.00028987139923102793 0.2014606224655644 0.20290202932531182 0.0014414068597474188
696 0.0002901795231404932 0.20196494810578322 0.20311632947700314 0.0011513813712199599
697 0.00029048731924485296 0.20246966151366247 0.20333070943639728 0.0008610479227347936
698 0.0002907947881337037 0.20297476211732518 0.20354516895912725 0.0005704068418020917
699 0.0002911019303953815 0.20348024934637163 0.2037597078017147 0.0002794584553430989
700 0.000291408746616964 0.20398612263187477 0.20397432572156612 -1.1796910308657186e-05
701 0.0002917152373842736 0.2044923814063758 0.20418902247696966 -0.000303358929406095
702 0.00029202140328187865 0.20499902510387888 0.2044037978270915 -0.00059522727678732
703 0.0002923272448930968 0.20550605315984707 0.2046186515319727 -0.0008874016278744003
704 0.00029263276279999664 0.20601346501119763 0.20483358335252558 -0.0011798816586720874
705 0.0002929379575834003 0.20652126009629718 0.20504859305053058 -0.0014726670457665754
706 0.00029324282982288536 0.20702943785495706 0.20526368038863282 -0.001765757466324258
707 0.00029354738009678793 0.20753799772842907 0.20547884513033857 -0.0020591525980904924
708 0.00029385160898220443 0.20804693915940076 0.2056940870400124 -0.0023528521193883507
709 0.0002941555170549939 0.20855626159199067 0.20590940588287332 -0.0026468557091173838
710 0.00029445910488978035 0.2090659644717441 0.20612480142499176 -0.002941163046752355
711 0.00029476237305995555 0.20957604724562837 0.2063402734332863 -0.00323577381234208
712 0.0002950653221376803 0.2100865093620284 0.20655582167552028 -0.0035306876865081305
713 0.00029536795269388786 0.21059735027074206 0.20677144592029845 -0.0038259043504436222
714 0.0002956702652982857 0.21110856942297607 0.20698714593706408 -0.004121423485911985
715 0.00029597226051935785 0.2116201662713409 0.20720292149609504 -0.0044172447752457615
716 0.00029627393892436713 0.21213214026984686 0.20741877236850154 -0.004713367901345361
717 0.0002965753010793579 0.2126444908738996 0.20763469832622183 -0.005009792547677838
718 0.0002968763475491578 0.21315721754029537 0.20785069914201965 -0.005306518398275695
719 0.0002971770788973806 0.21367031972721662 0.208066774589481 -0.005603545137735634
720 0.00029747749568642787 0.2141837968942281 0.2082829244430107 -0.0059008724512174164
721 0.0002977775984774921 0.21469764850227177 0.20849914847782927 -0.006198500024442511
722 0.00029807738783055836 0.21521187401366315 0.20871544646997006 -0.006496427543693066
723 0.0002983768643044068 0.2157264728920861 0.20893181819627554 -0.006794654695810564
724 0.00029867602845661505 0.2162414446025894 0.2091482634343947 -0.007093181168194694
725 0.00029897488084356093 0.21675678861158165 0.20936478196277963 -0.007392006648802059
726 0.0002992734220204234 0.21727250438682744 0.20958137356068232 -0.00769113082614512
727 0.0002995716525411867 0.2177885913974427 0.2097980380081518 -0.00799055338929088
728 0.00029986957295864106 0.21830504911389062 0.21001477508603095 -0.008290274027859737
729 0.000300167183824386 0.2188218770079775 0.2102315845759532 -0.008590292432024275
730 0.00030046448568883286 0.21933907455284796 0.21044846626033983 -0.008890608292508092
731 0.00030076147910120535 0.21985664122298113 0.2106654199223965 -0.009191221300584593
732 0.0003010581646095443 0.22037457649418643 0.2108824453461106 -0.009492131148075846
733 0.0003013545427607083 0.2208928798435992 0.21109954231624786 -0.009793337527351315
734 0.0003016506141003762 0.22141155074967617 0.2113167106183494 -0.010094840131326773
735 0.00030194637917305026 0.22193058869219198 0.2115339500387289 -0.010396638653463073
736 0.00030224183852205753 0.22244999315223438 0.21175126036446942 -0.010698732787765002
737 0.00030253699268955274 0.2229697636122003 0.21196864138342028 -0.011001122228780037
738 0.0003028318422165198 0.22348989955579165 0.2121860928841944 -0.011303806671597274
739 0.0003031263876427757 0.2240104004680112 0.21240361465616514 -0.01160678581184619
740 0.0003034206295069709 0.22453126583515848 0.212621206489463 -0.011910059345695483
741 0.000303714568346593 0.22505249514482542 0.21283886817497347 -0.012213626969851952
742 0.0003040082046979686 0.22557408788589262 0.21305659950433337 -0.012517488381559269
743 0.0003043015390962651 0.226096043548525 0.2132744002699281 -0.012821643278596868
744 0.0003045945720754941 0.22661836162416762 0.21349227026488887 -0.013126091359278787
745 0.0003048873041685127 0.22714104160554208 0.21371020928308954 -0.013430832322452475
746 0.00030517973590702644 0.2276640829866418 0.21392821711914412 -0.013735865867497659
747 0.0003054718678215912 0.22818748526272856 0.21414629356840337 -0.014041191694325226
748 0.0003057637004416153 0.2287112479303283 0.21436443842695227 -0.014346809503376017
749 0.00030605523429536285 0.22923537048722673 0.21458265149160707 -0.014652718995619707
750 0.00030634646990995474 0.22975985243246613 0.21480093255991237 -0.014958919872553685
751 0.00030663740781137176 0.2302846932663402 0.21501928143013832 -0.01526541183620191
752 0.00030692804852445663 0.23080989249039136 0.2152376979012777 -0.015572194589113679
753 0.00030721839257291634 0.23133544960740604 0.21545618177304346 -0.01587926783436262
754 0.0003075084404793244 0.23186136412141056 0.21567473284586508 -0.016186631275545493
755 0.0003077981927651229 0.2323876355376678 0.2158933509208868 -0.016494284616781076
756 0.00030808764995062557 0.23291426336267293 0.21611203579996394 -0.016802227562708983
757 0.00030837681255501916 0.2334412471041495 0.21633078728566082 -0.01711045981848864
758 0.0003086656810963662 0.23396858627104558 0.21654960518124755 -0.017418981089798027
759 0.00030895425609160713 0.2344962803735298 0.21676848929069706 -0.017727791082832685
760 0.00030924253805656273 0.23502432892298772 0.2169874394186832 -0.018036889504304484
761 0.0003095305275059364 0.23555273143201758 0.21720645537057692 -0.01834627606144063
762 0.00030981822495331624 0.23608148741442692 0.2174255369524446 -0.01865595046198237
763 0.0003101056309111773 0.23661059638522822 0.2176446839710442 -0.01896591241418409
764 0.00031039274589088437 0.23714005786063563 0.2178638962338236 -0.019276161626812036
765 0.00031067957040269346 0.23766987135806064 0.21808317354891732 -0.019586697809143246
766 0.0003109661049557552 0.23820003639610848 0.218302515725144 -0.019897520670964508
767 0.0003112523500581157 0.23873055249457478 0.21852192257200356 -0.020208629922571206
768 0.0003115383062167198 0.23926141917444083 0.21874139389967465 -0.020520025274766176
769 0.00031182397393741333 0.2397926359578708 0.21896092951901214 -0.020831706438858677
770 0.0003121093537249446 0.24032420236820737 0.21918052924154402 -0.0211436731266633
771 0.00031239444608296773 0.2408561179299681 0.21940019287946946 -0.021455925050498748
772 0.0003126792515140443 0.24138838216884212 0.2196199202456553 -0.02176846192318693
773 0.00031296377051964546 0.24192099461168592 0.2198397111536342 -0.0220812834580517
774 0.00031324800360015454 0.24245395478651963 0.2200595654176018 -0.02239438936891786
775 0.0003135319512548695 0.24298726222252384 0.22027948285241372 -0.022707779370110072
776 0.00031381561398200435 0.24352091645003535 0.22049946327358358 -0.02302145317645176
777 0.0003140989922786924 0.24405491700054405 0.2207195064972801 -0.023335410503263956
778 0.00031438208664098815 0.24458926340668874 0.22093961234032436 -0.023649651066364356
779 0.0003146648975638688 0.2451239552022538 0.2211597806201877 -0.02396417458206613
780 0.0003149474255412382 0.24565899192216578 0.22138001115498884 -0.02427898076717694
781 0.0003152296710659271 0.24619437310248907 0.2216003037634913 -0.024594069338997722
782 0.00031551163462969687 0.246730098280423 0.22182065826510117 -0.024909440015321836
783 0.00031579331672324147 0.24726616699429801 0.22204107447986432 -0.025225092514433726
784 0.0003160747178361888 0.24780257878357198 0.2222615522284638 -0.025541026555108114
785 0.0003163558384571041 0.24833933318882673 0.22248209133221794 -0.025857241856608773
786 0.00031663667907349174 0.2488764297517645 0.22270269161307707 -0.0261737381386875
787 0.0003169172401717974 0.24941386801520452 0.22292335289362147 -0.026490515121583083
788 0.0003171975222374099 0.24995164752307905 0.22314407499705882 -0.026807572526020198
789 0.00031747752575466467 0.25048976782043036 0.22336485774722195 -0.027124910073208455
790 0.00031775725120684433 0.251028228453407 0.22358570096856584 -0.027442527484841175
791 0.0003180366990761826 0.2515670289692605 0.2238066044861659 -0.02776042448309455
792 0.0003183158698438652 0.25210616891634113 0.2240275681257148 -0.02807860079062635
793 0.0003185947639900325 0.25264564784409577 0.22424859171352066 -0.028397056130575107
794 0.0003188733819937823 0.2531854653030632 0.22446967507650423 -0.028715790226558954
795 0.0003191517243331714 0.2537256208448712 0.22469081804219668 -0.029034802802674578
796 0.00031942979148521784 0.2542661140222333 0.2249120204387372 -0.02935409358349618
797 0.00031970758392590336 0.2548069443889451 0.22513328209487046 -0.029673662294074567
798 0.00031998510213017596 0.25534811149988046 0.22535460283994452 -0.02999350865993586
799 0.0003202623465719511 0.25588961491098894 0.22557598250390812 -0.030313632407080775
800 0.0003205393177241148 0.25643145417929175 0.22579742091730856 -0.030634033261983253
801 0.0003208160160585255 0.256973628862879 0.2260189179112892 -0.03095471095158976
802 0.0003210924420460167 0.2575161385209054 0.22624047331758743 -0.03127566520331801
803 0.00032136859615639827 0.2580589827135878 0.22646208696853168 -0.03159689574505611
804 0.0003216444788584596 0.2586021610022014 0.22668375869704002 -0.03191840230516137
805 0.00032192009061997084 0.25914567294907653 0.2269054883366171 -0.0322401846124595
806 0.0003221954319076866 0.2596895181175954 0.22712727572135197 -0.03256224239624338
807 0.0003224705031873463 0.26023369607218844 0.22734912068591626 -0.03288457538627221
808 0.00032274530492367766 0.2607782063783316 0.2275710230655613 -0.03320718331277032
809 0.0003230198375803987 0.2613230486025425 0.22779298269611611 -0.03353006590642638
810 0.0003232941016202191 0.26186822231237744 0.22801499941398534 -0.03385322289839214
811 0.0003235680975048437 0.26241372707642824 0.2282370730561465 -0.034176654020281756
812 0.00032384182569497366 0.26295956246431856 0.2284592034601482 -0.03450035900417036
813 0.0003241152866503089 0.26350572804670097 0.22868139046410757 -0.034824337582593436
814 0.00032438848082955044 0.264052223395254 0.22890363390670845 -0.03514858948854562
815 0.0003246614086904029 0.26459904808267837 0.2291259336271986 -0.03547311445547975
816 0.00032493407068957564 0.2651462016826937 0.22934828946538785 -0.03579791221730588
817 0.00032520646728278606 0.26569368377003616 0.22957070126164592 -0.03612298250839028
818 0.000325478598924761 0.26624149392045454 0.22979316885690007 -0.036448325063554395
819 0.00032575046606923933 0.26678963171070696 0.2300156920926331 -0.03677393961807398
820 0.00032602206916897396 0.2673380967185587 0.23023827081088075 -0.03709982590767797
821 0.0003262934086757341 0.2678868885227777 0.23046090485423007 -0.037425983668547595
822 0.0003265644850403071 0.26843600670313233 0.23068359406581698 -0.03775241263731539
823 0.0003268352987125009 0.2689854508403883 0.23090633828932416 -0.0380791125510641
824 0.0003271058501411465 0.2695352205163047 0.2311291373689788 -0.03840608314732587
825 0.0003273761397740993 0.2700853153136319 0.23135199114955077 -0.03873332416408116
826 0.00032764616805824187 0.2706357348161079 0.23157489947635002 -0.039060835339757835
827 0.0003279159354394861 0.27118647860845496 0.2317978621952249 -0.039388616413230035
828 0.00032818544236277487 0.2717375462763776 0.2320208791525601 -0.03971666712381748
829 0.00032845468927208445 0.272288937406558 0.2322439501952738 -0.040044987211284265
830 0.0003287236766104271 0.27284065158665455 0.23246707517081655 -0.04037357641583801
831 0.00032899240481985246 0.2733926884052975 0.23269025392716866 -0.04070243447812883
832 0.00032926087434145015 0.2739450474520864 0.2329134863128381 -0.041031561139248454
833 0.0003295290856153516 0.27449772831758784 0.23313677217685866 -0.04136095614072918
834 0.0003297970390807322 0.27505073059333074 0.23336011136878776 -0.04169061922454298
835 0.00033006473517581424 0.27560405387180487 0.23358350373870432 -0.04202055013310056
836 0.00033033217433786735 0.27615769774645715 0.23380694913720687 -0.04235074860925029
837 0.00033059935700321274 0.2767116618116891 0.23403044741541168 -0.04268121439627739
838 0.0003308662836072233 0.2772659456628533 0.23425399842495018 -0.043011947237902935
839 0.000331132954584327 0.2778205488962503 0.23447760201796747 -0.04334294687828287
840 0.00033139937036800863 0.27837547110912725 0.23470125804712005 -0.043674213062007125
841 0.00033166553139081154 0.2789307118996725 0.23492496636557397 -0.04400574553409862
842 0.0003319314380843409 0.2794862708670151 0.23514872682700266 -0.04433754404001233
843 0.000332197090879264 0.2800421476112197 0.2353725392855851 -0.04466960832563442
844 0.00033246249020531417 0.2805983417332851 0.23559640359600384 -0.04500193813728126
845 0.0003327276364912915 0.28115485283514124 0.23582031961344288 -0.045334533221698406
846 0.0003329925301650657 0.28171168051964557 0.23604428719358583 -0.04566739332605978
847 0.0003332571716535782 0.28226882439058076 0.23626830619261385 -0.04600051819796676
848 0.0003335215613828435 0.28282628405265126 0.23649237646720406 -0.046333907585447184
849 0.00033378569977795234 0.28338405911148157 0.23671649787452714 -0.04666756123695441
850 0.00033404958726307286 0.283942149173612 0.2369406702722455 -0.04700147890136643
851 0.00033431322426145325 0.2845005538464967 0.23716489351851167 -0.047335660327984995
852 0.00033457661119542327 0.2850592727385005 0.23738916747196606 -0.04767010526653456
853 0.0003348397484863969 0.28561830545889655 0.23761349199173498 -0.04800481346716152
854 0.0003351026365548742 0.28617765161786246 0.23783786693742934 -0.048339784680433213
855 0.0003353652758204433 0.28673731082647896 0.23806229216914207 -0.04867501865733697
856 0.0003356276667017825 0.28729728269672583 0.23828676754744643 -0.04901051514927935
857 0.00033588980961666225 0.28785756684147956 0.23851129293339443 -0.04934627390808506
858 0.00033615170498194736 0.2884181628745109 0.2387358681885147 -0.04968229468599617
859 0.00033641335321359914 0.2889790704104817 0.23896049317481063 -0.050018577235671095
860 0.00033667475472667706 0.2895402890649423 0.2391851677547584 -0.050355121310183854
861 0.00033693590993534117 0.29010181845432875 0.23940989179130578 -0.050691926663022954
862 0.00033719681925285387 0.2906636581959601 0.23963466514786935 -0.05102899304809082
863 0.0003374574830915825 0.29122580790803565 0.2398594876883332 -0.05136632021970245
864 0.0003377179018630003 0.29178826720963236 0.24008435927704744 -0.0517039079325849
865 0.00033797807597768975 0.2923510357207017 0.24030927977882544 -0.05204175594187618
866 0.0003382380058453438 0.29291411306206777 0.24053424905894308 -0.05237986400312459
867 0.0003384976918747676 0.2934774988554235 0.24075926698313607 -0.0527182318722875
868 0.00033875713447388165 0.2940411927233294 0.2409843334175986 -0.0530568593057307
869 0.0003390163340497229 0.2946051942892092 0.24120944822898177 -0.05339574606022752
870 0.000339275291008447 0.29516950317734886 0.241434611284391 -0.05373489189295777
871 0.0003395340057553302 0.29573411901289254 0.24165982245138545 -0.05407429656150713
872 0.00033979247869477187 0.2962990414218411 0.24188508159797503 -0.05441395982386598
873 0.0003400507102302959 0.29686427003104815 0.2421103885926196 -0.05475388143842871
874 0.00034030870076455293 0.29742980446821926 0.2423357433042265 -0.055094061163992826
875 0.00034056645069932264 0.29799564436190734 0.24256114560214925 -0.055434498759758
876 0.0003408239604355152 0.29856178934151134 0.24278659535618605 -0.055775193985325267
877 0.0003410812303731737 0.2991282390372734 0.24301209243657718 -0.056116146600696214
878 0.000341338260911476 0.299694993080276 0.243237636714004 -0.05645735636627185
879 0.0003415950524487367 0.3002620511024395 0.24346322805958742 -0.05679882304285215
880 0.000341851605382409 0.3008294127365198 0.24368886634488515 -0.05714054639163482
881 0.0003421079201090872 0.30139707761610574 0.24391455144189111 -0.05748252617421464
882 0.0003423639970245078 0.3019650453756159 0.2441402832230333 -0.05782476215258257
883 0.0003426198365235525 0.30253331565029673 0.24436606156117194 -0.058167254089124855
884 0.00034287543900024927 0.30310188807622024 0.244591886329598 -0.05851000174662222
885 0.0003431308048477747 0.30367076229028067 0.2448177574020316 -0.058853004888248996
886 0.0003433859344584564 0.30423993793019233 0.2450436746526202 -0.05919626327757221
887 0.0003436408282237741 0.30480941463448746 0.24526963795593684 -0.05953977667855078
888 0.0003438954865343621 0.3053791920425136 0.2454956471869788 -0.05988354485553482
889 0.00034414990978001145 0.3059492697944304 0.24572170222116577 -0.06022756757326454
890 0.00034440409834967165 0.30651964753120775 0.24594780293433818 -0.060571844596869526
891 0.00034465805263145173 0.30709032489462346 0.24617394920275554 -0.06091637569186791
892 0.00034491177301262406 0.30766130152726057 0.24640014090309506 -0.06126116062416557
893 0.00034516525987962496 0.30823257707250495 0.24662637791244985 -0.061606199160055136
894 0.00034541851361805646 0.3088041511745424 0.24685266010832718 -0.06195149106621532
895 0.0003456715346126896 0.3093760234783572 0.24707898736864722 -0.06229703610971002
896 0.0003459243232474647 0.3099481936297284 0.247305359571741 -0.06264283405798744
897 0.00034617687990549467 0.3105206612752286 0.24753177659634923 -0.06298888467887935
898 0.0003464292049690657 0.3110934260622209 0.2477582383216207 -0.06333518774060026
899 0.00034668129881964047 0.3116664876388568 0.2479847446271103 -0.06368174301174646
900 0.00034693316183785904 0.31223984565407303 0.24821129539277773 -0.06402855026129542
901 0.00034718479440354127 0.3128134997575906 0.24843789049898604 -0.06437560925860472
902 0.0003474361968956886 0.3133874495999111 0.24866452982649986 -0.06472291977341132
903 0.00034768736969248605 0.3139616948323149 0.2488912132564839 -0.06507048157583098
904 0.0003479383131713037 0.31453623510685863 0.24911794067050153 -0.065418294436357
905 0.00034818902770869937 0.3151110700763729 0.24934471195051328 -0.06576635812585978
906 0.00034843951368041995 0.3156861993944604 0.24957152697887464 -0.06611467241558584
907 0.0003486897714614033 0.31626162271549263 0.24979838563833562 -0.06646323707715704
908 0.00034893980142578016 0.31683733969460826 0.2500252878120385 -0.0668120518825698
909 0.00034918960394687636 0.3174133499877106 0.25025223338351643 -0.0671611166041942
910 0.00034943917939721475 0.31798965325146533 0.25047922223669206 -0.0675104310147733
911 0.00034968852814851615 0.31856624914329823 0.25070625425587595 -0.0678599948874223
912 0.00034993765057170245 0.3191431373213927 0.250933329325765 -0.06820980799562765
913 0.0003501865470368976 0.3197203174446875 0.25116044733144116 -0.06855987011324635
914 0.0003504352179134301 0.32029778917287527 0.2513876081583699 -0.06891018101450523
915 0.00035068366356983435 0.32087555216639857 0.2516148116923985 -0.0692607404739999
916 0.0003509318843738527 0.32145360608644913 0.25184205781975505 -0.06961154826669409
917 0.00035117988069243756 0.32203195059496525 0.25206934642704615 -0.06996260416791912
918 0.00035142765289175273 0.32261058535462894 0.2522966774012565 -0.07031390795337256
919 0.000351675201337176 0.3231895100288647 0.2525240506297468 -0.07066545939911799
920 0.00035192252639330016 0.32376872428183623 0.2527514660002524 -0.07101725828158384
921 0.00035216962842393544 0.32434822777844463 0.2529789234008818 -0.07136930437756275
922 0.000352416507792111 0.32492802018432637 0.2532064227201155 -0.0717215974642109
923 0.00035266316486007727 0.3255081011658512 0.2534339638468044 -0.07207413731904691
924 0.00035290959998930704 0.32608847039011973 0.25366154667016827 -0.07242692371995145
925 0.00035315581354049795 0.32666912752496047 0.2538891710797943 -0.0727799564451662
926 0.0003534018058735737 0.3272500722389292 0.2541168369656362 -0.07313323527329313
927 0.0003536475773476868 0.3278313042013057 0.25434454421801206 -0.07348675998329372
928 0.00035389312832121957 0.32841282308209174 0.25457229272760357 -0.07384053035448826
929 0.00035413845915178586 0.3289946285520092 0.25480008238545393 -0.07419454616655514
930 0.0003543835701962338 0.32957672028249746 0.2550279130829676 -0.07454880719952985
931 0.0003546284618106465 0.3301590979457119 0.2552557847119077 -0.0749033132338043
932 0.0003548731343503448 0.3307417612145213 0.2554836971643951 -0.07525806405012622
933 0.00035511758816988824 0.33132470976250583 0.25571165033290744 -0.07561305942959827
934 0.0003553618236230777 0.3319079432639545 0.25593964411027736 -0.07596829915367724
935 0.0003556058410629563 0.3324914613938642 0.2561676783896908 -0.07632378300417332
936 0.000355849640841812 0.3330752638279361 0.25639575306468665 -0.07667951076324948
937 0.00035609322331117915 0.3336593502425748 0.2566238680291544 -0.07703548221342045
938 0.0003563365888218397 0.3342437203148856 0.25685202317733336 -0.07739169713755227
939 0.0003565797377238257 0.3348283737226723 0.257080218403811 -0.07774815531886124
940 0.0003568226703664209 0.33541331014443565 0.25730845360352217 -0.07810485654091348
941 0.0003570653870981625 0.33599852925937085 0.2575367286717471 -0.07846180058762385
942 0.0003573078882668425 0.3365840307473657 0.2577650435041102 -0.07881898724325546
943 0.00035755017421951023 0.3371698142889981 0.2579933979965793 -0.07917641629241888
944 0.0003577922453024735 0.337755879565535 0.2582217920454638 -0.07953408752007124
945 0.0003580341018613008 0.3383422262589291 0.2584502255474134 -0.07989200071151574
946 0.0003582757442408223 0.33892885405181794 0.2586786983994172 -0.08025015565240075
947 0.00035851717278513286 0.339515762627521 0.25890721049880194 -0.08060855212871902
948 0.0003587583878375929 0.34010295167003796 0.2591357617432309 -0.08096718992680711
949 0.00035899938974082944 0.34069042086404716 0.2593643520307026 -0.08132606883334445
950 0.00035924017883673967 0.34127816989490267 0.2595929812595498 -0.08168518863535294
951 0.0003594807554664917 0.34186619844863364 0.2598216493284377 -0.08204454912019589
952 0.0003597211199705255 0.34245450621194046 0.260050356136363 -0.08240415007557739
953 0.0003599612726885564 0.34304309287219426 0.2602791015826527 -0.08276399128954162
954 0.0003602012139595753 0.3436319581174348 0.26050788556696275 -0.08312407255047218
955 0.00036044094412185097 0.34422110163636777 0.26073670798927656 -0.08348439364709122
956 0.000360680463512932 0.3448105231183629 0.2609655687499042 -0.08384495436845882
957 0.00036091977246964794 0.3454002222534529 0.26119446774948074 -0.0842057545039723
958 0.0003611588713281116 0.34599019873233094 0.2614234048889655 -0.08456679384336536
959 0.0003613977604237204 0.34658045224634776 0.26165238006964026 -0.08492807217670757
960 0.00036163644009115816 0.34717098248751194 0.2618813931931085 -0.08528958929440345
961 0.0003618749106643971 0.3477617891484856 0.26211044416129364 -0.08565134498719183
962 0.0003621131724766987 0.3483528719225842 0.2623395328764389 -0.08601333904614523
963 0.00036235122586061647 0.3489442305037736 0.26256865924110445 -0.08637557126266908
964 0.0003625890711479967 0.3495358645866688 0.26279782315816785 -0.08673804142850097
965 0.00036282670866998116 0.35012777386653177 0.2630270245308218 -0.08710074933570996
966 0.00036306413875700737 0.350719958039269 0.26325626326257306 -0.08746369477669595
967 0.00036330136173881166 0.351312416801431 0.263485539257242 -0.08782687754418891
968 0.00036353837794443053 0.3519051498502087 0.2637148524189605 -0.08819029743124819
969 0.0003637751877022012 0.352498156883433 0.2639442026521711 -0.08855395423126185
970 0.00036401179133976495 0.353091437599572 0.2641735898616262 -0.08891784773794585
971 0.00036424818918406795 0.3536849916977298 0.2644030139523862 -0.08928197774534362
972 0.0003644843815613623 0.35427881887764406 0.26463247482981905 -0.089646344047825
973 0.00036472036879720894 0.35487291883968436 0.26486197239959847 -0.09001094644008585
974 0.0003649561512164789 0.3554672912848504 0.2650915065677032 -0.09037578471714729
975 0.00036519172914335415 0.3560619359147703 0.2653210772404156 -0.09074085867435472
976 0.00036542710290133034 0.35665685243169837 0.2655506843243208 -0.09110616810737766
977 0.00036566227281321776 0.3572520405385138 0.26578032772630517 -0.09147171281220869
978 0.0003658972392011434 0.3578474999387182 0.2660100073535554 -0.09183749258516277
979 0.000366132002386552 0.35844323033643455 0.26623972311355765 -0.0922035072228768
980 0.0003663665626902086 0.35903923143640437 0.2664694749140958 -0.09256975652230866
981 0.0003666009204321991 0.3596355029439874 0.2666992626632508 -0.09293624028073667
982 0.0003668350759319331 0.3602320445651583 0.26692908626939926 -0.09330295829575896
983 0.00036706902950814406 0.3608288560065055 0.26715894564121284 -0.0936699103652927
984 0.00036730278147889214 0.36142593697522984 0.2673888406876564 -0.09403709628757344
985 0.00036753633216156546 0.36202328717914195 0.26761877131798745 -0.09440451586115445
986 0.00036776968187288134 0.36262090632666105 0.2678487374417549 -0.09477216888490614
987 0.0003680028309288886 0.363218794126813 0.2680787389687979 -0.09514005515801512
988 0.00036823577964496834 0.3638169502892287 0.26830877580924484 -0.09550817447998394
989 0.0003684685283358364 0.3644153745241423 0.2685388478735122 -0.09587652665063001
990 0.00036870107731554403 0.36501406654238866 0.2687689550723034 -0.09624511147008524
991 0.00036893342689748064 0.36561302605540313 0.26899909731660804 -0.0966139287387952
992 0.00036916557739437387 0.3662122527752188 0.26922927451770035 -0.09698297825751852
993 0.0003693975291182929 0.36681174641446473 0.26945948658713836 -0.09735225982732627
994 0.00036962928238064844 0.36741150668636463 0.26968973343676333 -0.09772177324960124
995 0.00036986083749219594 0.36801153330473485 0.26992001497869755 -0.09809151832603732
996 0.00037009219476303527 0.3686118259839832 0.2701503311253444 -0.09846149485863877
997 0.00037032335450261404 0.36921238443910626 0.2703806817893866 -0.09883170264971963
998 0.000370554317019728 0.3698132083856886 0.27061106688378544 -0.09920214150190315
999 0.00037078508262252335 0.37041429753990085 0.27084148632177985 -0.09957281121812103
